129231815
129227954
129230599
129229740
129230719
129229378
129221450
129226340
129226355
129224542
129223377
129216867
129223432
129226844
129229762
129220566
129228707
129223329
129222854
129226923
129223095
129222631
129232769
129223096
129218220
129220635
129227437
129217478
129220488
129224764
129231143
129216806
129218972
129220498
129224425
129219726
129224479
129217486
129224046
129216314
129218145
129231759
129227288
129226290
129222357
129224279
129216568
129233910
129231860
129220732
129234653
129222276
129223443
129222818
129219087
129220239
129223429
129231675
129217806
129229580
129216775
129227224
129226855
129227244
129225839
129226428
129225174
129234124
129227644
129224024
129228466
129223275
129233144
129230758
129229527
129229713
129229220
129224280
129219001
129227975
129217334
129233638
129228295
129229293
129226104
129232139
129226367
129232837
129216932
129216937
129221459
129229488
129218982
129218980
129235254
129230675
129219342
129219138
129231307
129222271
129232843
129228463
129228462
129220748
129235248
129233725
129223973
129226065
129234557
129220423
129223942
129226944
129223885
129225970
129231864
129220029
129221272
129225552
129229782
129225909
129230277
129217239
129233241
129216103
129216959
129230633
129220583
129219911
129216270
129217680
129228388
129225594
129232635
129226539
129221160
129234571
129229647
129218684
129235218
129230645
129216763
129231386
129227435
129234134
129222857
129231388
129226454
129218273
129218641