107436233
107436250
107436265
107436350
107436373
107436403
107436461
107436569
107436591
107436676
107436683
107436759
107436760
107436961
107437076
107437122
107437169
107437291
107437459
107437605
107437681
107437723
107437788
107437881
107437906
107437963
107438002
107438009
107438058
107438130
107438424
107438451
107438482
107438640
107438693
107438710
107438723
107438787
107438795
107438798
107438833
107438877
107438904
107438928
107438935
107438959
107439005
107439011
107439044
107439067
107439219
107439256
107439260
107439356
107439479
107439498
107439501
107439810
107439843
107439895
107439933
107439982
107440093
107440110
107440188
107440206
107440207
107440234
107440265
107440321
107440421
107440482
107440520
107440534
107440563
107440570
107440668
107440672
107440740
107440772
107440854
107440878
107441030
107441099
107441205
107441254
107441272
107441278
107441284
107441349
107441438
107441575
107441834
107441861
107441960
107441975
107441990
107441992
107441996
107441998
107442050
107442070
107442086
107442113
107442131
107442167
107442179
107442199
107442369
107442486
107442502
107442514
107442523
107442525
107442569
107442832
107442938
107442951
107443017
107443035
107443043
107443088
107443155
107443221
107443239
107443271
107443327
107443417
107443577
107443974
107444043
107444053
107444059
107444116
107444131
107444190
107444336
107444442
107444463
107444488
107444524
107444540
107444620
107444720
107444862
107444888
107444951
107445052
107445062
107445113
107445190
107445353
107445412
107445441
107445477
107445484
107445519
107445540
107445603
107445632
107445648
107445672
107446090
107446091
107446093
107446188
107446249
107446292
107446294
107446307
107446536
107446550
107446657
107446755
107446798
107446834
107446927
107446933
107446965
107447014
107447017
107447027
107447121
107447161
107447212
107447381
107447405
107447456
107447490
107447544
107447577
107447594
107447638
107447748
107447780
107447788
107447850
107447976
107448097
107448111
107448153
107448169
107448230
107448319
107448338
107448346
107448364
107448373
107448441
107448506
107448539
107448615
107448625
107448791
107448828
107448831
107448894
107448927
107449018
107449106
107449194
107449249
107449425
107449525
107449626
107449631
107449698
107449708
107449729
107449779
107449810
107449918
107450060
107450117
107450229
107450305
107450497
107450522
107450534
107450749
107450924
107450986
107451069
107451071
107451131
107451157
107451195
107451248
107451280
107451340
107451440
107451466
107451617
107451669
107451721
107451855
107451981
107451986
107452049
107452084
107452103
107452137
107452200
107452212
107452245
107452251
107452314
107452321
107452335
107452354
107452529
107452536
107452555
107452728
107452750
107452761
107452788
107452836
107452913
107452962
107453029
107453126
107453299
107453373
107453414
107453447
107453507
107453601
107453633
107453647
107453681
107453718
107453803
107453807
107453844
107454029
107454054
107454082
107454093
107454109
107454233
107454494
107454505
107454527
107454546
107455006
107455035
107455134
107455187
107455188
107455347
107455378
107455396
107455476
107455549
107455576
107455593
107455628
107455707
107455745
107455774
107455793
107455807
107455868
107455889
107455935
107455937
107455988
107455990
107456020
107456148
107456398
107456440
107456446
107456491
107456512
107456548
107456562
107456653
107456885
107456926
107456927
107456941
107456958
107457022
107457029
107457098
107457105
107457168
107457184
107457202
107457322
107457438
107457460
107457467
110282127
110282185
122268362
122270077
122271367
139426200
139427122