129215997
129216024
129216060
129216064
129216091
129216097
129216103
129216174
129216226
129216270
129216281
129216306
129216314
129216374
129216384
129216396
129216427
129216475
129216479
129216734
129216735
129216763
129216775
129216811
129216840
129216849
129216871
129216903
129216932
129216937
129216939
129216958
129216959
129216986
129216992
129216995
129217061
129217064
129217067
129217078
129217079
129217085
129217130
129217131
129217146
129217155
129217159
129217196
129217198
129217218
129217229
129217262
129217276
129217280
129217301
129217304
129217334
129217362
129217363
129217379
129217400
129217412
129217443
129217446
129217450
129217453
129217463
129217486
129217522
129217538
129217545
129217623
129217629
129217639
129217680
129217689
129217691
129217806
129218030
129218101
129218108
129218137
129218158
129218179
129218184
129218200
129218234
129218245
129218263
129218273
129218284
129218312
129218377
129218398
129218455
129218456
129218463
129218464
129218474
129218486
129218498
129218505
129218509
129218512
129218521
129218522
129218548
129218554
129218641
129218644
129218670
129218672
129218684
129218802
129218892
129218972
129219001
129219015
129219087
129219091
129219114
129219138
129219228
129219243
129219247
129219268
129219276
129219289
129219294
129219299
129219342
129219391
129219436
129219454
129219463
129219498
129219626
129219688
129219693
129219694
129219697
129219701
129219712
129219713
129219722
129219724
129219726
129219754
129219777
129219791
129219810
129219813
129219843
129219860
129219911
129219933
129219959
129219987
129219993
129220004
129220105
129220112
129220126
129220128
129220148
129220214
129220239
129220260
129220268
129220302
129220306
129220321
129220334
129220383
129220394
129220407
129220414
129220427
129220437
129220498
129220506
129220583
129220666
129220710
129220715
129220722
129220748
129220784
129220814
129221006
129221013
129221142
129221160
129221193
129221202
129221213
129221218
129221229
129221272
129221296
129221377
129221414
129221449
129221450
129221481
129221488
129221613
129221616
129221617
129221629
129221804
129221856
129221863
129221907
129221949
129221953
129221955
129221962
129221964
129222000
129222069
129222102
129222117
129222131
129222137
129222141
129222192
129222196
129222201
129222205
129222231
129222262
129222276
129222298
129222334
129222339
129222360
129222389
129222406
129222469
129222487
129222514
129222631
129222656
129222661
129222670
129222671
129222679
129222742
129222751
129222794
129222818
129222854
129222857
129222880
129222882
129222937
129222991
129223070
129223095
129223096
129223115
129223140
129223149
129223275
129223329
129223340
129223346
129223377
129223423
129223429
129223432
129223443
129223526
129223661
129223720
129223729
129223764
129223819
129223840
129223850
129223885
129223914
129223936
129223959
129223965
129223973
129224024
129224028
129224034
129224036
129224041
129224046
129224049
129224077
129224080
129224111
129224170
129224195
129224200
129224223
129224249
129224280
129224364
129224371
129224375
129224384
129224385
129224399
129224409
129224427
129224428
129224430
129224434
129224479
129224488
129224553
129224556
129224576
129224586
129224594
129224611
129224626
129224698
129224777
129224915
129224949
129224991
129224996
129224997
129225034
129225079
129225087
129225095
129225114
129225138
129225144
129225146
129225174
129225207
129225213
129225235
129225252
129225262
129225281
129225282
129225305
129225340
129225528
129225554
129225556
129225557
129225571
129225573
129225584
129225586
129225600
129225607
129225617
129225618
129225639
129225700
129225707
129225757
129225829
129225839
129225843
129225847
129225869
129225896
129225909
129225933
129225948
129225965
129225970
129225979
129225994
129226038
129226047
129226065
129226069
129226077
129226092
129226096
129226104
129226128
129226220
129226290
129226340
129226341
129226355
129226367
129226375
129226415
129226454
129226492
129226499
129226510
129226535
129226539
129226551
129226561
129226572
129226593
129226647
129226844
129226855
129226904
129226908
129226923
129226944
129227017
129227023
129227031
129227059
129227063
129227224
129227226
129227244
129227265
129227287
129227288
129227294
129227295
129227333
129227356
129227383
129227384
129227393
129227435
129227447
129227560
129227562
129227580
129227635
129227698
129227708
129227728
129227739
129227761
129227779
129227846
129227848
129227869
129227875
129227885
129227935
129227975
129227998
129228009
129228023
129228037
129228069
129228084
129228114
129228121
129228128
129228140
129228219
129228238
129228263
129228295
129228326
129228371
129228385
129228388
129228462
129228463
129228466
129228475
129228516
129228518
129228520
129228571
129228575
129228606
129228687
129229213
129229220
129229227
129229249
129229252
129229253
129229255
129229256
129229319
129229321
129229359
129229378
129229385
129229404
129229413
129229422
129229433
129229459
129229488
129229491
129229498
129229507
129229511
129229518
129229527
129229528
129229535
129229540
129229575
129229580
129229581
129229604
129229627
129229633
129229647
129229667
129229677
129229697
129229713
129229740
129229768
129229782
129229828
129229837
129229848
129229869
129229894
129229896
129229901
129230055
129230095
129230113
129230150
129230192
129230277
129230288
129230326
129230370
129230441
129230444
129230473
129230486
129230599
129230606
129230607
129230633
129230642
129230645
129230650
129230665
129230719
129230723
129230729
129230732
129230758
129230806
129231005
129231096
129231138
129231143
129231211
129231218
129231221
129231236
129231239
129231251
129231278
129231279
129231285
129231295
129231305
129231318
129231326
129231328
129231365
129231386
129231388
129231392
129231397
129231421
129231424
129231425
129231468
129231482
129231499
129231576
129231600
129231632
129231675
129231785
129231815
129231827
129231847
129231860
129231864
129232066
129232091
129232102
129232138
129232139
129232162
129232232
129232236
129232327
129232346
129232453
129232455
129232524
129232527
129232534
129232560
129232589
129232590
129232593
129232635
129232675
129232724
129232752
129232769
129232805
129232827
129232837
129232942
129233014
129233026
129233063
129233113
129233120
129233128
129233144
129233159
129233161
129233167
129233173
129233241
129233345
129233368
129233408
129233478
129233479
129233658
129233725
129233744
129233751
129233788
129233811
129233910
129234019
129234121
129234124
129234134
129234147
129234159
129234245
129234259
129234279
129234308
129234315
129234342
129234387
129234391
129234462
129234471
129234511
129234541
129234548
129234557
129234570
129234571
129234579
129234594
129234603
129234625
129234660
129234672
129235117
129235170
129235229
129235248
129235267
129235269
129235273
129235276
129235277
