129216174
129216958
129216992
129217229
129217276
129217362
129217363
129217379
129217446
129217522
129217545
129217623
129217629
129217639
129218030
129218108
129218158
129218234
129218273
129218284
129218312
129218463
129218498
129218505
129218512
129218521
129218522
129218892
129219001
129219091
129219228
129219391
129219454
129219498
129219724
129219810
129219959
129220260
129220383
129220407
129221006
129221450
129221629
129221955
129221964
129222514
129222742
129222751
129222818
129222991
129223429
129223443
129223526
129223661
129224024
129224036
129224170
129224399
129224556
129224594
129224996
129224997
129225146
129225839
129225909
129226047
129226096
129226415
129226572
129226844
129227063
129227224
129227226
129227244
129227295
129227384
129227435
129227447
129227739
129227846
129227848
129227869
129228009
129228023
129228069
129228263
129228326
129229220
129229256
129229535
129229667
129229828
129229901
129230055
129230277
129230444
129230486
129230723
129231236
129231239
129231388
129231425
129231632
129231860
129232066
129232675
129233120
129234279
129234342
129234511
129234548
129235229
129235267
129235269
129235277
