129231815
129219841
129220187
129220188
129227954
129230599
129229740
129230719
129229378
129218517
129221450
129226340
129216356
129217522
129226355
129224542
129223377
129216867
129233751
129223432
129230625
129231468
129227599
129226492
129226844
129220710
129224428
129224698
129224553
129224111
129224430
129224409
129225262
129217691
129220214
129224200
129220204
129226052
129223329
129222854
129221006
129226908
129229491
129218263
129229511
129228219
129217759
129232805
129229375
129224371
129226923
129218144
129220321
129220715
129232091
129217363
129222514
129223095
129222631
129232769
129223096
129228237
129226341
129219694
129225179
129218474
129218220
129227064
129222742
129220635
129230486
129217412
129226572
129217545
129218723
129231143
129217281
129216009
129231295
129216734
129227340
129227663
129228029
129218972
129234579
129231146
129223969
129220498
129221281
129231419
129231241
129235098
129219726
129224479
129224223
129230682
129229907
129217486
129221128
129224046
129216314
129235208
129232560
129227288
129226290
129219697
129222357
129220099
129225751
129229577
129225869
129217262
129227393
129225340
129217786
129230095
129231576
129229459
129229680
129216914
129217220
129220871
129226009
129226426
129234629
129231737
129233910
129224760
129216368
129219754
129232455
129219391
129233368
129225281
129231860
129231365
129222276
129223443
129222818
129227063
129233113
129219087
129235181
129220239
129227728
129231397
129234672
129224197
129223429
129228157
129232097
129217078
129217079
129234268
129231675
129217806
129229580
129216775
129225032
129227356
129221201
129226112
129227580
129221294
129219860
129227224
129233781
129223783
129234264
129226855
129227244
129220661
129223115
129225839
129223423
129225975
129225276
129219015
129231392
129225174
129216840
129234124
129217056
129227644
129216145
129224024
129234594
129226135
129227050
129229507
129226096
129227834
129227546
129227445
129227279
129229574
129228466
129229265
129225573
129216097
129220814
129233945
129223275
129233144
129224856
129230758
129227720
129229524
129233412
129221427
129234375
129231575
129224036
129229527
129229713
129222102
129229220
129225600
129217689
129233811
129233167
129219724
129227265
129228475
129221955
129218389
129224280
129234460
129222661
129219001
129216024
129218509
129227975
129217334
129222528
129220816
129221804
129225586
129228295
129229404
129229293
129231285
129226838
129226839
129226104
129220260
129232139
129234686
129218672
129216206
129226367
129232837
129216932
129216937
129222205
129234249
129223959
129228596
129218089
129220553
129229488
129216811
129235254
129225620
129218200
129221012
129224427
129229768
129230436
129235269
129219342
129221193
129224847
129224997
129224996
129219138
129222760
129230982
129233063
129223784
129225211
129227540
129216306
129221449
129228463
129228462
129218471
129220748
129235248
129228553
129233725
129223973
129222045
129218892
129223337
129226065
129234557
129225707
129228232
129221296
129229878
129217740
129226038
129223942
129226944
129228084
129227779
129227566
129231326
129220722
129235173
129223885
129228211
129228180
129220128
129235267
129222369
129224238
129221395
129229633
129224626
129225970
129222974
129231864
129228238
129220029
129221272
129229782
129231482
129220666
129224326
129229833
129225909
129224170
129230277
129223440
129233241
129226211
129234625
129224230
129216103
129231425
129219333
129233024
129220334
129217574
129227017
129219778
129222196
129216959
129217469
129222069
129230150
129230633
129226092
129229627
129224434
129231328
129220583
129222075
129221856
129219911
129216270
129217680
129225087
129221489
129227439
129231311
129235297
129218086
129217629
129222937
129228388
129231424
129229249
129222000
129217623
129225594
129222679
129226069
129225994
129233647
129221836
129227708
129229653
129222677
129231218
129234315
129224178
129224188
129232635
129220007
129227230
129227226
129220301
129225305
129221953
129226912
129230642
129226539
129231803
129229301
129234019
129229253
129222141
129227458
129225093
129225556
129227869
129221160
129224364
129224055
129221481
129227364
129226904
129218455
129219498
129234571
129229647
129224049
129226915
129219964
129228023
129216091
129232593
129227428
129217463
129228385
129234121
129230162
129226039
129232431
129227447
129217227
129219268
129220121
129221440
129221163
129222469
129230358
129225847
129220302
129225898
129218684
129235276
129220117
129219823
129221142
129234321
129222882
129231421
129223936
129221550
129228569
129235218
129230645
129221616
129234660
129218507
129226127
129225114
129225210
129216763
129234237
129227739
129234279
129234663
129221963
129233107
129217665
129220394
129231679
129225207
129225829
129227519
129216792
129217470
129235318
129217446
129218498
129221994
129227735
129227295
129221964
129230729
129218905
129222117
129228261
129222800
129222991
129231386
129219739
129224028
129217538
129217155
129216396
129222847
129231553
129229856
129217114
129217180
129230806
129229657
129216735
129221617
129229252
129225896
129229387
129225285
129223918
129229385
129225138
129225034
129218099
129216281
129222939
129226499
129225607
129226593
129220124
129230607
129230606
129226500
129222339
129216871
129218554
129225617
129224249
129231847
129230732
129218113
129231236
129217064
129219164
129224010
129222298
129222203
129233271
129233026
129219688
129224260
129224429
129230473
129229848
129222225
129222389
129232675
129216246
129216247
129222192
129228316
129222360
129219114
129222582
129228291
129227435
129234134
129222131
129234462
129231835
129216064
129226194
129218505
129223526
129226128
129222857
129218522
129218521
129222717
129217158
129226047
129222363
129223090
129229764
129228149
129222420
129220184
129217662
129223854
129226535
129229869
129224546
129235229
129224612
129221351
129217453
129219300
129218662
129231096
129223070
129216479
129221371
129231388
129231471
129228217
129226454
129222735
129231239
129218932
129225557
129228037
129218273
129234336
129228088
129221247
129222201
129222751
129231696
129216048
129218512
129218704
129218641
129225095
129226255
129217430
129230365
129226419
129227657
