129219841
129217315
129217314
129230599
129229740
129230719
129229378
129218517
129224542
129218458
129230625
129227599
129224428
129224698
129224553
129224111
129224430
129224409
129217691
129226052
129223329
129222854
129218263
129230748
129224371
129226923
129220321
129220715
129228237
129225179
129227064
129222742
129230486
129230519
129217412
129218723
129217281
129216009
129227663
129228029
129221281
129232192
129231419
129231241
129229382
129224327
129219726
129224223
129230682
129229907
129217486
129221128
129224046
129235208
129227288
129219697
129222357
129220099
129229577
129225869
129227393
129225340
129216899
129217786
129220541
129231576
129229459
129229680
129216914
129217220
129220871
129226009
129233910
129224760
129216368
129219391
129225281
129231860
129217499
129218644
129222276
129227063
129227739
129234279
129235181
129231441
129225307
129227728
129231397
129234672
129224197
129223429
129228157
129232097
129217078
129217079
129231675
129217806
129229580
129216775
129227356
129221201
129226112
129227580
129221294
129219860
129228142
129233781
129223783
129234264
129227244
129220661
129225839
129223423
129225975
129219015
129231392
129225174
129216840
129234124
129217056
129224024
129234594
129226135
129229507
129226096
129227834
129227546
129227445
129227279
129229574
129228466
129225573
129233945
129223275
129224856
129227720
129235158
129226338
129217218
129221427
129234375
129231575
129224036
129229527
129229713
129222102
129229220
129217689
129227265
129217795
129228475
129221955
129218389
129222661
129224299
129218509
129217334
129222016
129228295
129229293
129231285
129226104
129220260
129232139
129234595
129232819
129234686
129218672
129216206
129226367
129232837
129216932
129216937
129222205
129218089
129220553
129235254
129225620
129224427
129229768
129219342
129221193
129219138
129230982
129221282
129227981
129227540
129216306
129221449
129228463
129228462
129218471
129228553
129233725
129223973
129217159
129218892
129223337
129226065
129225707
129227394
129228232
129226057
129226038
129226944
129227566
129220722
129216706
129228211
129228180
129220128
129224238
129224626
129225970
129222974
129219878
129220514
129220029
129221272
129225552
129225909
129230277
129224041
129223440
129233241
129231353
129226211
129234625
129224230
129216103
129219333
129233024
129217574
129227017
129219778
129220712
129222069
129230150
129230633
129226092
129229627
129224434
129231328
129220583
129222075
129221856
129221489
129227439
129231311
129235297
129217629
129231424
129224848
129217623
129225594
129222679
129226193
129226069
129225994
129221836
129223661
129227708
129229653
129222677
129231218
129234315
129224178
129224188
129232635
129220007
129227230
129220301
129225305
129230642
129226539
129231803
129229301
129222141
129227458
129225093
129227869
129221160
129227531
129221481
129227364
129218455
129219498
129234571
129230641
129229647
129224049
129219964
129216091
129232593
129227428
129228385
129230162
129226039
129232431
129227447
129217227
129219268
129224151
129221440
129221163
129222469
129230358
129225847
129220302
129225898
129218684
129235276
129220117
129219823
129221142
129222882
129231421
129223936
129221550
129228569
129235218
129230645
129221616
129227338
129227348
129234660
129224155
129218507
129226127
129231076
129225210
129225506
129234237
129234663
129221963
129231016
129233107
129217665
129220394
129231679
129217173
129227519
129216792
129217470
129235318
129217446
129218498
129221994
129227735
129227295
129230729
129220166
129218905
129222117
129220142
129222542
129228261
129224115
129222800
129222991
129231386
129219739
129224028
129217155
129216396
129223928
129222847
129231553
129229856
129217114
129217180
129230806
129219974
129229657
129216735
129221617
129229252
129225896
129229387
129217216
129220730
129217103
129225285
129223918
129229385
129221622
129220465
129225138
129225881
129216281
129222939
129226499
129225607
129226593
129220124
129230607
129230606
129226500
129222339
129216871
129218554
129225617
129224249
129231847
129230732
129218113
129231236
129217064
129219164
129224010
129222298
129222203
129233271
129233026
129219688
129224260
129224429
129230473
129229848
129222225
129222389
129232675
129216246
129216247
129222192
129217456
129228316
129222360
129222582
129228291
129227435
129234134
129222131
129234462
129231835
129216064
129226194
129223526
129222857
129218522
129218521
129222717
129217158
129226047
129222363
129223090
129228149
129222420
129217662
129223854
129231409
129226535
129229869
129224612
129220814
129217453
129218662
129231096
129223070
129221371
129231471
129228217
129222735
129228037
