129218517
129216356
129217522
129230625
129231468
129226492
129220710
129224428
129224698
129224553
129224111
129224430
129224409
129225262
129224200
129220204
129226052
129226908
129229491
129218263
129229511
129228219
129217759
129232805
129229375
129232091
129222514
129218474
129217412
129231295
129216734
129227340
129234579
129223969
129221281
129230682
129229907
129221128
129232560
129219697
129220099
129225751
129217262
129227393
129225340
129230095
129229680
129216914
129220871
129226009
129226426
129234629
129219754
129233368
129225281
129231365
129227063
129233113
129235181
129234672
129224197
129228157
129232097
129217078
129217079
129234268
129227356
129221201
129227580
129233781
129223783
129234264
129223115
129223423
129225276
129219015
129216840
129227050
129229507
129226096
129229265
129225573
129216097
129220814
129233945
129227720
129229524
129233412
129221427
129224036
129222102
129217689
129233811
129219724
129221955
129218389
129234460
129222661
129216024
129218509
129222528
129220816
129225586
129229404
129220260
129234686
129216206
129234249
129223959
129220553
129216811
129218200
129229768
129235269
129224847
129222760
129230982
129233063
129221449
129218471
129228553
129218892
129223337
129225707
129228232
129221296
129217740
129226038
129228084
129227779
129227566
129228211
129228180
129220128
129222369
129224238
129221395
129229633
129224626
129222974
129231482
129220666
129224326
129229833
129224170
129223440
129234625
129224230
129219333
129227017
129219778
129222196
129217469
129226092
129229627
129224434
129231328
129222075
129221856
129225087
129221489
129231311
129235297
129218086
129222937
129231424
129229249
129222000
129217623
129222679
129226069
129225994
129221836
129227708
129229653
129222677
129234315
129224178
129224188
129220301
129225305
129221953
129230642
129229301
129234019
129229253
129222141
129225556
129227869
129224364
129221481
129227364
129226904
129226915
129219964
129216091
129232593
129217463
129234121
129230162
129226039
129232431
129217227
129219268
129221440
129221163
129222469
129225847
129225898
129235276
129219823
129221142
129222882
129231421
129223936
129221550
129228569
129221616
129234660
129226127
129225114
129234237
129227739
129234279
129233107
129217665
129220394
129231679
129225207
129225829
129227519
129235318
129217446
129221994
129227295
129230729
129218905
129222117
129222800
129222991
129219739
129217538
129222847
129231553
129229856
129217114
129230806
129229657
129216735
129221617
129229252
129229387
129223918
129229385
129225138
129225034
129226499
129225607
129226593
129220124
129230607
129230606
129226500
129222339
129218554
129225617
129224249
129230732
129218113
129231236
129219164
129224010
129222298
129222203
129233026
129219688
129224260
129224429
129230473
129222225
129232675
129216246
129216247
129222192
129222360
129222582
129228291
129222131
129234462
129231835
129223526
129218522
129218521
129217158
129226047
129222363
129223090
129222420
129220184
129217662
129223854
129229869
129224546
129235229
129224612
129221351
129217453
129219300
129218662
129223070
129216479
129231471
129228217
129225557
129221247
129216048
129218512
129218704
129217430
129230365
129226419
