129223414
129232318
129227349
129224590
129220170
129217716
129233029
129235244
129223855
129227025
129224112
129228575
129218377
129224124
129224177
129224305
129222924
129226452
129229426
129225138
129233722
129219997
129216207
129216158
129230848
129228157
129232097
129217484
129232054
129224318
129228268
129233468
129216031
129225508
129232233
129225678
129222721
129224626
129226909
129224394
129221297
129231212
129229922
129219085
129233918
129233934
129216153
129219987
129233479
129233478
129230530
129227929
129220152
129223291
129221213
129230712
129229645
129229331
129221069
129231234
129217411
129229281
129231504
129231568
129220411
129223910
129218618
129216828
129217703
129232635
129217425
129235158
129216883
129223310
129227243
129231500
129228303
129222813
129217433
129221671
129224333
129228149
129231268
129220097
129225833
129226413
129223982
129229385
129225848
129216428
129221938
129224552
129222880
129222133
129232364
129226079
129216340
129217142
129224681
129217470
129219900
129219847
129220842
129222398
129221294
129221440
129219465
129228709
129227885
129217688
129232459
129219424
129219397
129218461
129224072
129216462
129229427
129223268
129234561
129235170
129222048
129229211
129217387
129218483
129226424
129222335
129229624
129224969
129229267
129227040
129227676
129226050
129216020
129219893
129219385
129223870
129222825
129232144
129221851
129229725
129229294
129226944
129216100
129229284
129234301
129225873
129225058
129232662
129224091
129222346
129228048
129218662
129216817
129216273
129217700
129218678
129221866
129216717
129225628
129226069
129225994
129230321
129228045
129225908
129224123
129221233
129228473
129224579
129229285
129218407
129231705
129216968
129233317
129228612
129220685
129216282
129217264
129217098
129225769
129231543
129223897
129233117
129232649
129224977
129222088
129217509
129233571
129230675
129232578
129217585
129230732
129229969
129223928
129230726
129234252
129222387
129223994
129222988
129231000
129225623
129235117
129229644
129229336
129231445
129227485
129229574
129228226
129228510
129230733
129222157
129230743
129234489
129217612
129231310
129230538
129230076
129217450
129227775
129225549
129232138
129221517
129224279
129220198
129226425
129218089
129231456
129230240
129227614
129221188
129228035
129228387
129226673
129223068
129228644
129217468
129220594
129222802
129218046
129227580
129223342
129219315
129222262
129221114
129231145
129230982
129226018
129222429
129228466
129220386
129217220
129221511
129226818
129220033
129228569
129222847
129218598
129228054
129231313
129228357
129229857
129235254
129222583
129220053
129222677
129224638
129220147
129216503
129228083
129222382
129216682
129216180
129226367
129232837
129220950
129220536
129225764
129216026
129226637
129226953
129219747
129224051
129222127
129227271
129218653
129218136
129235174
129217807
129217527
129232677
129230747
129226864
129228440
129226559
129226969
129226518
129226695
129219767
129217616
129220303
129224434
129231328
129222735
129226601
129220020
129222008
129230509
129226625
129226943
129229653
129233702
129218238
129215997
129227715
129216252
129226273
129230752
129220397
129223329
129222854
129217711
129221201
129224094
129217648
129231587
129221404
129219743
129230345
129229392
129225797
129219045
129225048
129223070
129222140
129226555
129222042
129233526
129218559
129219216
129229719
129234419
129227998
129233795
129229303
129235298
129226528
129224852
129222232
129225174
129220705
129231883
129222843
129229529
129224238
129224429
129232073
129234026
129227680
129220629
129224736
129220326
129217820
129216954
129230607
129230606
129230714
129235228
129222266
129228026
129216732
129229807
129219726
129231675
129217806
129229580
129216775
129229729
129222617
129227627
129220837
129223445
129234251
129224310
129227670
129226823
129229639
129221461
129220697
129230822
129226588
129224222
129222006
129229368
129234502
129222148
129226052
129221160
129220591
129220088
129220086
129232107
129224401
129230020
129235118
129235119
129225121
129230489
129225975
129221385
129234535
129222752
129220483
129222427
129229261
129230581
129224569
129223039
129222314
129225909
129218438
129227274
129221388
129224520
129218905
129235311
129221859
129233937
129228213
129223033
129226014
129227654
129217300
129223895
129221321
129224639
129226164
129228728
129224459
129228491
129229613
129222330
129232248
129226848
129234306
129216165
129216945
129231129
129220367
129218680
129227759
129226603
129233345
129232724
129222110
129221071
129218050
129222716
129227441
129217473
129229374
129226679
129232597
129234180
129217459
129219392
129221128
129221489
129224237
129222092
129230710
129223796
129230216
129223979
129227843
129229321
129224526
129232825
129226202
129222392
129218531
129216901
129234175
129225978
129218786
129224890
129224201
129227730
129219929
129225245
129235090
129222225
129225763
129229204
129218148
129216466
129227526
129216246
129216247
129220369
129234609
129229880
129232401
129220553
129228116
129218017
129227032
129222091
129220661
129221162
129219998
129218482
129226405
129216213
129226065
129232075
129227297
129225576
129231768
129224898
129227923
129221358
129229971
129229540
129217051
129231353
129221955
129217194
129226030
129220539
129229791
129225547
129216319
129221853
129231576
129229459
129222207
129222080
129231314
129230370
129224049
129233311
129230981
129234435
129216965
129225554
129216891
129221639
129218504
129216159
129231225
129221147
129219749
129218272
129220159
129219898
129223229
129225970
129224760
129216368
129217746
129220506
129231427
129222107
129223447
129229887
129221995
129219160
129233334
129227265
129222612
129229304
129224810
129229561
129223980
129222357
129224557
129222649
129223275
129235178
129217662
129229575
129222627
129216155
129227472
129232587
129218692
129220007
129228295
129232784
129221181
129232083
129231869
129221441
129227303
129219975
129219977
129227295
129219901
129220135
129222138
129218979
129224173
129227522
129217593
129225139
129219933
129220149
129231267
129221107
129229209
129216706
129234488
129218995
129227017
129230722
129228216
129219761
129221265
129228096
129228290
129226305
129219737
129222588
129223233
129235231
129229634
129225952
129225190
129234615
129225587
129224372
129224454
129235160
129217377
129228184
129220236
129221100
129232115
129227160
129220379
129228040
129223015
129219316
129221820
129220994
129217242
129221272
129227551
129216908
129234573
129229282
129217786
129221525
129231286
129224830
129224668
129224069
129219764
129222987
129220085
129235272
129230697
129229952
129227106
129231582
129218507
129224408
129225595
129216946
129229251
129228557
129229821
129224596
129221398
129220821
129227044
129227685
129230566
129220186
129229730
129230599
129229740
129230719
129229378
129219342
129225261
129222542
129218548
129226595
129223317
129225898
129229982
129215991
129219653
129233970
129228484
129217666
129229925
129222597
129221524
129224151
129219716
129219717
129219286
129229243
129220377
129215983
129231561
129223753
129229274
129234679
129220252
129233289
129220281
129229344
129235186
129225884
129225282
129227064
129228402
129221336
129222067
129223821
129226622
129225499
129218765
129226674
129216973
129219960
129225667
129225238
129225613
129216441
129223483
129234481
129231478
129222939
129222954
129216110
129216111
129222113
129219327
129220857
129231760
129221501
129226581
129216582
129221985
129229687
129232568
129230090
129227326
129222535
129230200
129220228
129235195
129219948
129232132
129230625
129216177
129232431
129224498
129229238
129222690
129226094
129225631
129220648
129227382
129233908
129222850
129221318
129227245
129220246
129226387
129222856
129219734
129230062
129231406
129219777
129224667
129224670
129229630
129230571
129222461
129231611
129221977
129222520
129228006
129216748
129225693
129223374
129222285
129224024
129225784
129226295
129220514
129219919
129217002
129222973
129234395
129220310
129223939
129225838
129223846
129234388
129224455
129226111
129224581
129225101
129234415
129221283
129216083
129227459
129216090
129218127
129233745
129220603
129216941
129224637
129232337
129218491
129234192
129233015
129220982
129220707
129234315
129226728
129219697
129227645
129227316
129225900
129224116
129233035
129216082
129230649
129227253
129217400
129224118
129229562
129224468
129229556
129225691
129232779
129230423
129233017
129234222
129225593
129225592
129216223
129229946
129229528
129224328
129224660
129229589
129229674
129229382
129224327
129229836
129216980
129224096
129221631
129225874
129234387
129220269
129227506
129225303
129219969
129234205
129216504
129222786
129231409
129221880
129220328
129230514
129217037
129217035
129225155
129229507
129231272
129220501
129225772
129216929
129219671
129229664
129233658
129233408
129220948
129217361
129223843
129230432
129222940
129229989
129217301
129233422
129224307
129228646
129225732
129228182
129225919
129217405
129226932
129217288
129217289
129226497
129222991
129228186
129229218
129235126
129225680
129225920
129231666
129220712
129222281
129217155
129216396
129231342
129223337
129233277
129230610
129220244
129226319
129226564
129223661
129235183
129228211
129228180
129234647
129216649
129216064
129217114
129226563
129224060
129224059
129224337
129229462
129226418
129234551
129231281
129216029
129217174
129225896
129226631
129221949
129223972
129220047
129219879
129216240
129229697
129218389
129234631
129217543
129229337
129229247
129220917
129226671
129219138
129221155
129224528
129216187
129219841
129218554
129223940
129227735
129227202
129230684
129217312
129227594
129224541
129229328
129223093
129225760
129230693
129230261
129230692
129222807
129225657
129216060
129231222
129226356
129233355
129221407
129219945
129223736
129224148
129216055
129224496
129220117
129230255
129228234
129220523
129226015
129219787
129221904
129216124
129224610
129221581
129229537
129229652
129228232
129225532
129227480
129216873
129222772
129232334
129225885
129231376
129220219
129227603
129220359
129227815
129229848
129231586
129232822
129222087
129234486
129218196
129217771
129224642
129229638
129220936
129224265
129224522
129228628
129225789
129225638
129219897
129217580
129217177
129227618
129227834
129227546
129227445
129227279
129224657
129216057
129230356
129216642
129227824
129218055
129219274
129229415
129219456
129226444
129221876
129219756
129220456
129227736
129220497
129223854
129217215
129220464
129222005
129226958
129220072
129216430
129233447
129228030
129224839
129218049
129229805
129228600
129220828
129231218
129229591
129220321
129220715
129224796
129217496
129222647
129224548
129224046
129230048
129216442
129222465
129220764
129224719
129228025
129216754
129216074
129234167
129222819
129231384
129227749
129234223
129229873
129220289
129218672
129234449
129223204
129223205
129230806
129228205
129228572
129227712
129217284
129218756
129219335
129220741
129219758
129230983
129230984
129231257
129217705
129223896
129216940
129226083
129226780
129229534
129223938
129219828
129222308
129234413
129224115
129223749
129228041
129229460
129230604
129219703
129228389
129218115
129233536
129229867
129225552
129229474
129230490
129229728
129222065
129227566
129233746
129221594
129233668
129232093
129224662
129225867
129232480
129222160
129232430
129224027
129218147
129224428
129224698
129224553
129224111
129224430
129224409
129226104
129217335
129221206
129226077
129225149
129220871
129226009
129223133
129231441
129222534
129235329
129218398
129223439
129223438
129229570
129232827
129222643
129220583
129225913
129232483
129218569
129223735
129222193
129217638
129234244
129234650
129222497
129225306
129231429
129230600
129224304
129219650
129234512
129230441
129232346
129217227
129228677
129225512
129225759
129230748
129222130
129225315
129233237
129230650
129227642
129222769
129224404
129218612
129231265
129234459
129229516
129234259
129233803
129224803
129221986
129220805
129233173
129228100
129217359
129218276
129217926
129224378
129220177
129216378
129224119
129227496
129227412
129220437
129229326
129233150
129220339
129217556
129224341
129227244
129228606
129226806
129216175
129232433
129224240
129222781
129230619
129224121
129220337
129224349
129216351
129217100
129219017
129231278
129234625
129218986
129230465
129226375
129220200
129229860
129217626
129224036
129222241
129224009
129224276
129234468
129220425
129225591
129235320
129229847
129231522
129225878
129226297
129225943
129225944
129234177
129224113
129225073
129217565
129229872
129227396
129216103
129218604
129228475
129218209
129228069
129224990
129218953
129221954
129225798
129217350
129217293
129217129
129218468
129229455
129228500
129227051
129228130
129216195
129224463
129222213
129221939
129225905
129229387
129221200
129228114
129232752
129218457
129223852
129234436
129220151
129225286
129228593
129227540
129225126
129220658
129224572
129229235
129231311
129227763
129228293
129234290
129216680
129227562
129234574
129223368
129220336
129226923
129231803
129219658
129224299
129227835
129224155
129223543
129233764
129220293
129229402
129218588
129226618
129224763
129231579
129220394
129230739
129231845
129234572
129219676
129230034
129225565
129217562
129232820
129217371
129233744
129226431
129234149
129220527
129224225
129225807
129225144
129224915
129221626
129232798
129229890
129230682
129229907
129223816
129219340
129221157
129228654
129227362
129222334
129232451
129224979
129229758
129229647
129220996
129220755
129229590
129230046
129235330
129216033
129216888
129229694
129232813
129223734
129233808
129229510
129224537
129223311
129222061
129225849
129231562
129219378
129227483
129228603
129220585
129229222
129230645
129217554
129220035
129216347
129218840
129225077
129221612
129218245
129219185
129219892
129231091
129216960
129224473
129224097
129233199
129226311
129231421
129231570
129221605
129224663
129225116
129220112
129234598
129223427
129227846
129216909
129224042
129231592
129235277
129219015
129229548
129227744
129227586
129220609
129221279
129227980
129217673
129230727
129233023
129224568
129232127
129227632
129222322
129218522
129218521
129221004
129220308
129223613
129225510
129226216
129217655
129216792
129226057
129217376
129224255
129227186
129234669
129226064
129218525
