129220110
129217629
129228445
129224158
129217146
129216248
129225173
129222717
129227488
129235184
129223368
129222241
129218209
129225713
129225714
129227654
129226612
129231464
129217337
129218502
129224349
129228572
129227712
129223730
129234182
129223800
129230034
129226273
129222649
129225687
129216968
129223215
129231679
129229552
129219298
129229213
129233356
129233455
129221149
129222205
129233245
129216084
129222679
129221836
129226679
129217305
129234479
129226470
129222181
129228269
129226639
129217344
129225520
129229752
129216015
129216121
129224287
129226532
129220310
129226925
129218156
129224488
129231144
129219948
129225828
129226236
129229426
129227677
129224612
129221155
129227040
129222325
129234175
129222346
129226409
129225285
129235238
129233014
129226319
129226564
129225420
129217673
129229766
129229385
129227483
129228603
129233375
129227472
129218986
129227436
129228104
129232107
129226932
129219498
129235195
129228226
129223825
129229997
129229998
129224848
129235208
129229447
129226742
129227243
129224392
129230075
129225980
129229802
129233677
129228053
129222143
129224552
129219344
129229355
129224569
129228142
129218016
129224230
129228575
129218377
129233022
129229358
129229826
129232790
129232400
129220429
129224086
129229577
129218491
129224121
129222881
129222155
129216193
129216195
129227885
129231778
129221058
129227059
129219817
129227607
129220502
129220664
129221266
129219658
129220128
129224470
129234250
129222316
129217565
129232550
129225943
129225944
129225982
129225522
129235118
129235119
129223813
129229411
129232075
129216120
129216643
129225674
129220705
129231883
129221766
129217694
129225668
129226028
129229469
129226238
129226476
129217550
129220996
129223424
129216866
129220088
129220086
129221165
129231201
129225123
129227487
129217542
129230162
129220658
129234532
129218463
129225064
129222040
129220038
129232798
129219969
129217217
129218114
129228148
129217029
129222555
129217688
129225734
129224467
129216932
129216937
129219340
129224611
129234439
129233168
129217554
129232079
129227512
129220231
129229207
129234119
129230636
129227715
129233919
129230419
129229377
129234183
129220392
129228295
129226356
129218276
129226549
129232527
129234435
129230490
129224498
129229896
129231265
129221174
129229696
129224378
129223867
129225799
129217284
129218219
129220097
129216027
129216029
129220085
129221341
129231443
129225636
129225678
129222883
129222237
129217075
129227277
129234609
129217019
129217467
129218536
129234511
129231632
129222772
129224304
129221530
129223914
129224541
129227560
129233745
129221920
129224193
129226446
129220369
129229438
129228593
129232493
129226464
129221602
129229282
129220336
129227063
129217496
129230000
129221853
129225261
129216207
129219964
129220437
129221114
129229926
129235297
129227766
129222169
129224147
129226931
129216075
129217676
129223812
129224540
129216092
129231542
129220268
129223440
129227730
129219274
129228195
129221069
129226324
129217417
129222041
129222606
129232597
129217786
129221265
129229868
129234518
129218243
129225222
129222442
129226503
129220029
129217078
129217079
129220149
129219739
129221283
129226955
129232967
129220748
129231207
129224852
129226455
129234207
129229336
129217657
129220203
129219663
129220888
129225524
129227909
129226216
129232459
129219424
129227785
129232806
129227880
129232911
129221316
129222394
129233295
129225807
129222217
129217236
129225849
129229674
129232233
129231324
129222051
129216293
129235109
129235108
129231223
129231507
129229986
129232463
129227314
129225769
129223779
129227955
129219333
129235291
129229350
129235192
129230467
129219146
129226595
129235180
129217335
129228696
129229507
129233788
129223957
129217405
129226453
129222006
129216988
129224017
129221147
129219749
129230981
129229260
129224381
129230062
129226008
129227846
129233656
129222939
129228550
129227537
129230240
129222315
129229298
129224328
129227303
129216155
129223342
129232318
129227349
129224413
129231553
129227318
129235228
129228040
129226104
129226565
129219728
129230633
129224518
129223329
129222854
129225525
129226305
129233020
129226431
129232649
129233739
129225697
129216934
129228249
129228569
129227363
129227727
129223926
129217117
129234583
129222186
129222214
129216187
129225789
129225638
129227739
129234279
129232677
129226434
129223948
129224979
129220456
129225519
129234018
129226367
129232837
129222740
129221489
129223749
129227836
129221188
129228211
129228180
129217400
129220603
129217244
129220229
129230693
129230261
129230692
129220800
129234617
129217070
129216888
129228557
129234149
129230473
129217626
129234259
129227923
129217044
129219946
129222008
129217422
129224439
129226107
129219292
129224914
129217158
129220591
129227316
129221584
129224028
129226112
129231650
129228247
129227737
129219189
129229283
129221895
129223317
129218604
129220249
129230641
129227292
129225179
129219762
129234647
129226526
129220208
129218723
129229653
129217456
129222638
129227527
129225112
129222735
129228111
129225282
129217142
129234115
129234116
129234628
129225549
129218953
129219352
129229851
129220105
129232327
129220195
129222280
129221347
129217088
129217689
129221449
129225826
129226585
129233796
129234154
129234398
129223306
129217563
129229433
129226015
129234301
129218015
129220630
129228264
129219282
129226221
129226243
129224150
129222803
129222153
129233786
129223284
129216110
129216111
129225158
129225122
129218113
129231150
129227799
129230650
129224371
129233117
129219624
129221367
129217766
129227819
129225728
129225727
129228216
129229750
129234477
129229480
129217281
129216009
129220250
129221428
129220417
129217693
129229917
129234481
129218409
129225798
129221181
129217140
129224069
129224118
129224001
129229876
129233970
129226648
129235158
129219419
129234134
129225683
129231585
129227763
129220755
129233725
129223973
129225633
129234105
129225692
129231289
129224559
129225106
129225107
129233967
129230714
129228647
129225302
129232083
129219722
129234021
129235148
129232127
129234252
129222178
129216883
129218223
129227976
129225639
129220423
129220523
129231552
129225569
129220099
129222582
129234551
129222862
129227186
129224063
129231513
129225229
129224949
129229337
129225198
129231048
129219659
129231453
129219653
129224196
129227231
129225716
129232357
129222065
129222175
129229261
129219889
129229367
129231652
129219745
129225595
129229463
129220081
129216931
129217212
129232816
129232814
129222848
129221652
129232578
129231594
129223431
129220372
129229330
129223233
129225246
129233923
129231419
129231241
129225950
129221634
129220779
129227892
129230562
129227580
129216754
129219243
129222807
129218459
129224428
129224698
129224553
129224111
129224430
129224409
129234552
129222204
129218632
129221408
129230088
129227339
129217148
129232623
129228628
129231698
129231394
129220306
129223214
129235085
129223770
129222117
129223351
129227265
129220308
129234431
129222341
129222420
129225761
129229215
129227732
129219172
129224763
129234432
129230978
129219626
129219327
129220343
129224841
129224051
129230663
129221071
129234593
129222145
129220328
129224123
129230280
129217301
129233910
129218179
129229465
129222826
129223972
129234419
129217648
129229204
129217066
129222138
129216003
129216001
129224522
129223954
129218605
129220148
129226105
129220124
129228101
129223950
129229203
129229522
129225894
129221043
129221379
129224159
129224610
129217294
129223423
129223852
129225292
129227393
129223270
129221390
129219935
129221281
129231835
129235174
129217807
129222296
129221975
129217318
129216124
129222099
129220200
129223133
129221452
129229540
129227593
129225085
129217359
129223142
129233139
129218643
129222136
129216973
129219316
129220171
129233881
129233842
129223404
129224728
129228184
129223836
129222035
129217114
129226092
129220245
129220084
129231478
129218649
129219975
129219977
129232066
129232608
129224109
129224106
129226132
129229300
129219908
129223791
129224662
129234548
129218819
129221525
129229867
129220035
129224380
129232139
129228079
129222380
129222397
129226523
129226222
129225510
129217143
129229619
129215997
129217368
129227725
129229456
129234263
129226047
129230748
129218127
129230577
129230619
129221157
129220707
129226663
129234475
129221200
129221093
129229848
129219343
129235086
129223360
129222124
129228500
129231126
129219716
129219717
129230220
129232594
129218189
129225896
129227588
129220954
129228553
129226603
129235311
129233918
129229748
129229369
129219984
129219986
129227478
129220028
129223039
129233043
129223380
129222232
129224639
129226535
129232676
129219893
129225274
129217462
129229574
129217052
129235298
129227583
129221160
129220742
129229439
129222542
129225998
129235284
129227356
129231031
129221995
129221440
129230097
129224857
129222769
129226037
129221131
129218559
129219216
129229894
129229518
129217489
129215993
129225873
129223021
129227904
129232784
129219268
129235157
129218268
129224936
129226569
129220952
129216956
129229334
129227639
129232587
129222619
129234601
129232788
129216099
129225178
129235309
129235310
129223910
129231413
129220339
129216026
129223439
129223438
129218820
129226390
129231873
129221952
129222084
129219249
129230538
129222608
129227751
129217553
129225616
129224201
129228189
129224061
129228044
129224103
129224299
129218330
129222110
129227586
129229321
129226289
129216838
129216813
129230586
129234244
129217334
129233229
129230743
129223767
129225290
129220269
129234375
129234615
129221640
129224333
129229728
129216891
129228081
129233711
129217374
129232399
129219395
129224839
129216599
129216597
129226735
129232514
129231504
129231568
129216967
129223210
129224988
129235207
129222262
129234015
129227501
129220279
129228282
129234679
129223870
129223907
129223071
129232658
129228045
129227759
129217205
129217057
129219195
129233023
129235299
129224977
129234429
129225620
129217732
129221345
129223406
129217361
129227592
129224341
129221585
129217257
129224603
129220642
129221500
129230656
129232441
129221592
129220205
129224049
129229805
129231148
129226185
129216682
129216180
129221856
129234688
129227410
129230084
129228114
129232752
129222213
129229789
129217202
129216828
129217703
129227368
129224657
129222357
129229527
129229713
129229836
129222540
129227781
129224681
129229431
129230052
129234494
129222337
129229680
129224269
129229959
129224255
129222032
129218546
129224010
129224209
129234269
129221574
129231296
129219302
129215996
129227423
129226909
129220384
129228051
129231259
129216736
129223896
129217197
129217728
129216840
129223291
129222148
129229482
129229481
129221607
129227922
129220216
129229460
129220006
129223810
129217051
129234669
129217023
129226050
129217084
129222783
129216960
129221597
129220508
129225149
129231406
129227239
129227776
129231219
129230255
129222520
129229644
129229402
129234672
129222314
129229753
129229622
129227418
129216091
129216165
129229587
129225679
129217241
129224557
129222048
129225317
129229937
129227249
129229650
129227484
129232422
129226206
129226204
129221533
129217635
129222160
129232430
129220303
129222100
129222845
129218504
129217665
129231247
129231246
129222398
129224501
129235308
129232612
129216299
129217250
129223229
129229393
129228510
129222873
129226190
129226637
129226541
129224802
129235133
129220299
129220298
129224530
129220837
129227382
129216131
129230690
129222042
129233526
129224124
129226288
129223951
129234395
129219703
129227731
129227841
129217499
129218644
129217662
129224441
129218349
129227326
129228092
129218672
129230637
129230234
129220713
129234497
129231076
129223980
129225023
129225736
129231426
129229235
129223204
129223205
129222813
129224401
129228006
129225611
129226893
129229890
129225565
129229989
129221866
129221605
129216012
129226378
129229976
129217458
129216151
129226508
129216223
129227834
129227546
129227445
129227279
129223086
129217218
129218678
129233668
129232093
129216074
129234626
129225900
129221537
129228242
129227263
129222331
129222070
129227333
129222270
129219891
129224113
129227934
129218498
129221414
129218136
129218511
129233017
129227602
129220389
129220027
129228037
129230576
129234530
129220348
129217216
129218517
129225115
129232801
129217211
129220499
129220472
129229328
129224803
129220390
129231885
129225919
129221869
129231445
129216600
129231944
129217557
129223966
129227049
129221307
129234167
129228186
129216340
129227745
129234237
129234124
129222793
129230119
129227552
129224660
129224296
129222780
129219778
129221517
129221413
129229620
129234535
129223866
129225780
129218995
129222392
129223783
129234264
129215990
129218529
129231357
129216158
129217926
129217614
129216732
129227565
129230695
129227278
129219453
129229614
129227244
129223101
129234406
129225605
129224337
129225608
129224321
129225910
129224533
129220146
129222028
129216448
129217106
129235223
129229695
129224597
129230177
129217098
129224972
129222215
129221967
129218333
129221511
129216698
129220123
129223737
129224774
129225641
129234200
129219335
129232733
129216103
129224119
129226622
129225499
129222135
129230735
129234223
129218462
129224684
129221637
129227284
129227642
129230687
129225613
129233313
129220332
129217820
129234408
129218598
129228140
129224116
129233035
129217711
129216918
129218408
129228234
129216965
129230559
129235122
129219670
129221162
129231218
129225755
129217552
129219974
129227549
129220870
129220648
129228309
129221927
129230104
129225898
129219442
129224705
129225253
129220166
129223070
129235293
129225170
129234391
129217043
129226953
129231722
129225974
129222708
129227369
129222174
129222496
129234292
129219307
129217315
129217314
129229588
129225703
129225598
129216378
129221928
129217230
129220233
129224429
129234604
129231705
129232054
129224318
129229304
129218198
129218765
129217738
129229558
129229504
129222016
129224022
129231750
129217173
129222133
129220132
129217037
129217035
129216284
129219945
129220158
129218635
129221653
129229242
129230456
129226916
129227233
129229279
129229280
129233355
129221407
129227160
129220379
129224503
129233157
129230983
129230984
129216939
129225937
129227394
129231428
129227465
129229451
129216817
129216273
129218786
129224890
129221488
129224717
129224141
129230874
129222880
129226447
129227300
129219779
129216914
129222193
129221337
129229425
129230116
129228426
129232346
129226787
129229532
129217683
129224543
129229410
129225512
129225759
129223408
129218059
129224515
129221385
129225667
129227758
129225681
129234642
129217547
129227360
129216860
129217529
129218554
129226818
129220425
129220175
129233107
129218548
129227400
129227051
129225618
129230017
129217631
129228475
129230090
129216994
129235092
129224810
129224094
129225907
129227517
129218670
129230465
129216941
129218525
129216257
129233915
129235149
129219993
129225235
129222127
129229396
129221484
129219842
129225622
129231270
129223806
129225682
129216904
129220321
129220715
129227981
129227551
129216735
129231257
129235194
129219290
129226387
129218695
129229568
129223764
129217446
129219251
129220397
129228644
129221977
129231362
129226854
129229238
129226374
129224405
129220982
129217086
129224564
129230160
129233241
129229857
129226673
129221100
129216980
129226695
129225906
129226069
129225994
129227377
129217743
129220551
129221526
129230509
129233422
129231271
129234436
129220897
129226618
129223834
129226030
129219764
129229957
129219879
129225757
129226599
129231575
129220893
129229477
129226380
129221994
129226370
129233128
129220442
129217595
129218449
129221884
129227829
129229286
129217600
129223917
129219385
129233963
129221353
129226973
129227003
129227274
129227998
129226293
129226000
129221820
129231145
129230712
129230717
129216862
129232825
129230458
129229231
129234307
129220749
129221954
129222173
129224330
129231314
129218169
129220387
129229952
129217576
129224666
129229873
129225201
129224309
129226563
129229455
129216169
129220877
129216850
129217729
129233465
129216050
129219000
129222054
129217054
129224974
129224760
129216368
129229591
129230462
129222462
129232811
129221427
129231152
129225754
129216945
129218060
129223093
129224446
129224445
129225712
129229689
129223411
129222785
129232843
129224830
129228491
129230345
129229392
129219858
129226999
129229965
129217581
129231557
129234342
129231803
129230729
129221550
129225631
129232274
129226665
129216741
129229654
129218084
129229475
129224638
129229382
129224327
129235272
129227352
129217394
129224806
129229582
129229297
129218131
129233388
129229823
129229353
129234312
129225315
129220741
129222224
129219315
129217484
129221626
129227324
129222882
129227032
129223935
129233512
129223938
129231582
129224088
129223445
129221005
129232115
129227985
129217273
129217272
129217551
129219174
129228327
129233006
129224558
129221536
129226671
129217194
129217638
129223483
129221206
129222207
129229513
129222777
129222328
129219761
129217099
129216384
129231272
129235178
129233744
129216172
129229217
129220301
129219999
129221864
129221297
129217797
129221189
129217266
129228554
129223735
129227742
129232480
129219215
129218089
129221594
129229222
129222335
129228316
129230707
129228281
129228304
129227430
129223987
129235123
129219676
129221925
129229839
129217180
129221573
129227688
129224002
129219642
129216177
129218079
129217010
129234595
129232819
129220198
129234606
129220135
129220955
129220609
129229969
129224372
129222176
129231278
129232144
129221589
129228308
129221123
129229218
129227708
129225134
129218216
129224223
129216748
129229572
129234299
129231301
129221117
129226332
129227695
129234648
129222206
129230434
129226574
129231827
129217329
129218199
129222101
129215989
129216478
129217360
129221872
129220227
129226528
129222156
129219747
129225643
129219278
129220871
129226009
129230640
129222131
129222284
129228387
129222267
129230936
129227887
129221073
129221108
129230678
129222407
129223740
129227030
129224838
129225905
129216430
129221334
129230639
129222690
129219214
129221412
129220526
129234690
129228728
129227530
129221938
129222695
129231211
129232451
129225153
129218482
129223895
129227362
129222092
129230624
129224178
129224188
129235232
129219456
129224427
129223841
129220323
129227458
129218886
129225869
129230358
129227503
129228026
129234635
129232524
129223090
129228041
129216915
129225008
129223952
129229230
129229381
129225576
129221107
129225531
129229590
129222692
129218840
129225077
129228262
129230629
129222716
129232827
129229500
129231636
129231204
129216940
129223429
129223661
129217159
129216989
129233718
129224757
129228263
129219875
129221392
129226877
129230047
129219933
129224155
129220582
129216082
129224374
129232722
129216625
129224947
129224534
129229272
129231878
129231877
129217379
129228168
129217215
129219786
129226381
129224120
129231610
129223894
129219164
129220218
129219702
129221880
129225916
129226421
129224283
129229399
129228385
129229678
129218457
129223125
129222988
129233933
129221245
129230645
129227531
129220278
129233683
129216153
129219228
129232140
129235255
129224101
129216319
129234570
129227435
129232684
129216078
129227848
129216178
129225552
129225908
129231274
129229292
129221359
129227670
129223066
129223069
129232483
129218435
129234571
129229864
129223409
129216428
129217540
129231576
129229459
129234442
129218052
129230074
129219900
129218945
129219015
129230679
129223275
129225739
129219925
129221356
129225847
129223543
129217580
129227309
129218530
129220302
129232454
129226488
129229922
129235031
129235249
129226127
129228402
129230581
129216354
129224036
129216946
129228121
129224024
129233103
129229379
129225832
129225831
129221524
129220181
129229415
129225874
129223859
129227668
129221940
129228306
129218507
129223720
129220238
129228581
129235254
129220221
129234577
129219266
129217319
129222342
129220585
129224272
129217330
129224225
129229634
129216786
129233161
129216908
129219920
129216232
129225760
129224777
129230402
129229387
129221182
129223428
129229416
129220289
129224542
129223900
129230504
129222158
129234491
129229471
129229470
129217367
129224240
129216871
129230607
129234103
129223015
129230333
129216374
129232777
129225340
129225770
129224739
129216090
129226413
129223446
129216878
129224075
129227735
129222597
129230621
129220178
129219045
129233934
129227849
129218455
129219790
129220182
129216517
129216018
129234162
129229913
129226504
129232128
129231500
129216907
129229624
129231666
129229400
129234128
129219459
129221279
129218312
129216792
129232138
129229615
129229613
129229267
129234197
129229209
129216582
129230066
129229320
129216649
129219184
129217174
129221358
129225078
129218175
129221172
129223526
129221958
129223135
129223136
129229880
129225833
129234006
129222831
129224560
129227815
129227269
129223085
129219777
129234400
129222382
129222226
129219723
129222641
129229372
129225782
129234410
129225902
129221569
129221567
129223358
129220594
129216471
129225102
129225913
129220978
129230975
129217468
129232633
129221270
129234441
129217412
129230736
129228574
129222076
129220821
129224582
129224347
129218405
129223883
129233317
129217641
129220281
129218555
129223311
129222061
129222519
129233702
129218238
129234196
129230321
129229366
129235100
129222363
129229566
129228261
129222455
129232796
129219465
129219349
129225245
129220439
129228466
129218629
129224796
129226566
129231586
129232822
129230979
129222577
129218272
129227830
129230519
129222098
129216266
129217521
129224237
129222275
129225993
129219160
129222029
129232142
129227935
129224836
129227519
129220346
129226116
129228305
129226605
129220722
129232842
129229589
129226077
129225003
129227675
129220404
129234229
129229243
129231286
129218151
129231424
129228665
129217653
129227999
129229930
129225174
129216076
129218439
129229327
129218406
129229705
129230070
129216887
129221127
129225657
129218790
129231675
129217806
129229580
129216775
129230744
129232375
129224892
129224512
129233033
129229860
129227566
129227225
129232958
129227053
129230715
129230288
129235244
129220133
129227623
129220293
129229666
129229661
129232165
129233966
129216975
129219756
129225508
129225324
129227364
129222800
129227790
129220496
129219688
129235278
129218606
129227599
129225143
129218497
129222626
129217358
129226103
129228157
129232097
129227439
129229560
129218708
129227479
129231129
129218569
129220931
129221915
129220583
129224019
129229365
129226101
129217151
129221311
129216969
129230999
129230580
129226444
129231768
129232073
129224948
129216852
129223400
129231082
129221947
129224669
129224100
129224526
129217297
129218446
129230020
129216785
129227018
129229360
129229999
129225946
129222128
129227412
129234098
129227676
129228313
129226014
129221595
129225260
129224222
129229216
129231562
129224473
129229583
129227564
129222722
129226211
129227835
129222067
129234641
129222457
129222376
129217414
129226338
129226074
129222451
129224031
129223828
129230599
129229740
129230719
129229378
129219237
129223928
129234388
129220553
129229220
129221514
129216537
129218287
129217145
129224969
129223918
129230476
129231340
129225824
129232407
129228355
129229893
129231441
129231236
129221858
129220031
129227878
129225048
129222647
129229274
129225230
129217270
129230579
129224500
129230684
129219897
129220225
129227684
129221863
129227719
129232051
129222677
129223908
129222395
129221609
129221608
129217541
129216063
129222360
129229354
129233527
129218983
129227533
129221960
129225918
129234607
129219983
129221354
129234437
129217006
129216057
129231674
129224142
129229306
129216213
129222706
129225968
129219835
129225113
129216928
129217593
129225139
129222388
129217408
129227791
129218979
129235170
129230739
129224523
129228268
129217220
129218522
129218521
129235124
129227321
129224856
129224412
129216544
129227235
129216102
129228054
129220270
129224384
129224385
129224157
129224425
129224466
129222088
129221321
129224549
129217513
129226468
129232820
129224736
129231456
129231386
129229980
129220242
129234067
129231063
129216926
129220483
129220407
129231260
129229252
129224265
129218481
129229332
129220541
129229501
129226579
129228711
129231851
129234780
129232624
129223098
129227825
129229548
129229647
129222212
129233079
129216766
129220468
129224128
129216031
129235091
129224415
129227471
129219294
129220829
129224990
129226559
129226969
129233345
129216159
129221939
129217310
129227813
129228604
129232520
129217376
129225607
129222086
129231429
129223915
129227596
129234462
129226716
129224724
129218544
129227272
129227373
129223861
129219678
129226083
129226780
129229575
129221097
129226748
129224250
129224268
129231234
129217289
129217288
129221654
129223982
129231802
129221549
129220828
129234352
129223798
129217655
129226064
129216591
129229359
129224958
129226065
129229719
129228130
129222954
129235172
129227574
129228579
129221404
129223962
129226087
129226645
129230076
129228213
129224080
129219962
129225265
129221622
129228382
129221914
129234106
129227064
129219279
129221364
129221473
129227095
129231221
129229777
129227466
129218208
129219648
129218320
129217486
129231522
129219684
129221215
129226571
129216188
129229383
129231310
129224556
129232646
129233511
129223964
129231845
129232810
129232070
129222116
129232132
129234415
129225645
129223000
129225301
129221558
129218379
129222612
129231349
129223168
129220994
129222308
129220489
129225710
129216250
129230393
129222721
129231543
129221185
129216051
129216569
129228598
129226864
129226094
129225061
129228612
129221136
129227744
129219691
129228606
129229664
129234515
129221481
129215998
129220414
129227441
129231760
129229801
129233134
129221420
129234427
129224465
129233908
129218564
129230042
129234594
129221617
129222034
129218115
129226034
129227407
129216212
129216093
129228464
129219138
129220152
129226581
129225884
129227010
129223310
129225883
129219286
129218705
129218137
129234627
129231501
129222554
129224238
129232345
129227980
129231860
129221418
129218445
129225073
129228232
129229936
129220187
129220188
129228709
129225868
129217704
129232575
129223925
129231342
129218245
129231227
129229562
129229600
129225707
129221260
129231471
129235183
129220972
129233021
129227523
129234147
129217085
129223331
129231147
129221631
129219787
129217546
129229246
129228106
129222794
129218978
129216007
129216954
129225554
129231383
129221629
129220383
129230698
129230699
129220177
129217719
129220712
129234177
129220142
129221950
129226425
129222298
129231399
129228405
129221293
129222293
129227221
129220984
129233429
129235137
129227805
129219440
129225308
129227811
129234616
129225693
129223945
129220847
129231269
129221985
129220503
129227357
129222429
129227459
129223388
129226967
129222009
129219289
129221478
129227023
129226220
129220915
129220207
129224139
129229887
129230665
129218691
129218039
129234407
129220359
129219987
129233479
129233478
129217612
129228677
129233743
129230370
129230605
129226539
129230055
129233774
129229556
129221542
129234122
129222627
129221986
129220228
129231408
129229499
129220051
129221596
129221251
129230102
129224444
129230530
129230236
129219646
129229807
129229516
129219901
129221137
129226041
129219813
129234581
129223033
129221406
129224468
129231706
129227485
129222465
129235189
129228083
129222080
129230010
129234187
129227496
129234663
129221547
129217472
129227645
129231755
129216230
129222642
129221868
129222292
129227559
129222508
129229570
129220971
129233694
129221616
129220074
129223787
129225744
129222973
129226601
129217700
129222650
129221561
129229573
129224073
129221013
129229528
129231759
129221907
129220451
129216344
129232252
129226550
129223855
129219827
129225306
129216901
129229923
129231455
129224112
129218571
129223193
129229163
129223268
129216851
129228119
129230747
129220375
129221893
129225649
129225655
129218684
129227396
129224246
129232248
129235090
129227939
129217059
129219697
129229852
129224387
129230028
129232688
129224042
129219392
129229657
129219185
129217439
129232505
129219725
129224404
129230422
129225836
129216239
129217716
129230648
129220244
129218982
129218980
129230920
129219455
129216466
129222664
129229862
129227506
129215991
129224942
129225532
129218394
129225680
129228600
129221244
129224898
129226111
129222120
129231421
129222225
129226422
129216442
129232381
129223850
129235320
129231376
129226547
129223777
129229563
129216855
129226945
129232261
129233873
129234567
129216246
129216247
129233808
129229510
129224434
129231328
129234660
129221600
129230974
129227285
129217090
129224812
129233750
129220805
129232813
129229903
129234645
129216387
129216033
129219223
129226035
129216106
129216570
129231285
129225589
129218687
129233937
129221560
129217290
129224020
129230061
129220202
129227979
129222853
129224276
129234541
129216473
129221409
129224315
129227288
129234440
129218654
129229730
129220394
129222203
129230675
129226629
129222184
129231302
129231550
129229284
129224642
129222111
129225867
129227576
129225772
129230710
129219671
129234315
129222497
129217795
129234482
129222601
129222063
129229628
129229621
129219705
129217734
129231353
129228235
129225573
129231505
129223436
129221219
129225587
129227246
129228727
129231833
129235117
129229344
129216205
129218458
129222072
129235318
129229725
129229294
129218017
129229781
129227733
129217350
129217293
129217129
129218468
129229697
129224634
129223421
129227627
129221425
129222730
129233105
129227697
129221288
129218372
129225973
129222974
129224177
129220730
129217103
129220326
129216175
129217571
129220661
129217264
129232662
129222781
129218531
129223738
129229374
129216680
129217343
129216706
129226336
129233533
129217746
129235237
129227480
129219610
129218107
129230683
129226202
129217433
129217116
129223250
129229949
129230733
129223939
129220547
129225762
129232351
129224189
129225577
129217485
129222097
129234631
129216196
129224637
129232337
129224730
129230157
129222321
129228654
129223059
129218653
129230445
129221435
129218892
129217531
129232621
129230165
129226046
129232663
129225931
129235038
129225097
129225878
129226297
129222819
129228089
129229474
129217300
129227692
129223846
129220215
129225238
129221201
129215988
129226081
129227875
129224572
129226148
129221015
129227482
129225630
129231427
129222030
129217002
129227796
129231384
129222589
129231410
129230594
129225504
129234493
129234396
129230566
129225718
129222529
129228389
129218101
129229791
129222281
129218116
129229561
129224000
129228038
129230356
129233398
129227504
129219452
129219998
129224420
129234239
129223862
129220257
129227106
129225156
129226784
129227428
129232638
129220047
129222987
129220371
129228399
129224663
129225116
129228707
129220255
129225653
129227682
129223940
129222487
129233137
129225844
129226823
129221371
129223355
129225082
129228109
129221593
129220292
129231847
129233394
129224082
129224104
129234246
129226019
129219913
129225846
129225286
129223979
129222556
129224930
129233727
129233715
129224266
129216083
129224229
129216064
129227017
129220170
129233571
129223824
129230077
129216899
129225612
129220151
129224197
129219883
129221396
129221639
129224665
129225190
129231268
129229395
129218147
129226631
129226500
129222304
129219960
129218692
129222850
129227297
129233671
129217030
129230569
129231869
129222583
129231611
129220072
129227313
129222953
129227699
129225038
129225436
129231392
129217061
129222188
129223843
129226561
129220053
129230752
129224667
129224670
129219903
129221755
129229496
129220497
129217436
129227236
129219085
129229971
129217107
129218050
129232136
129216281
129230622
129218578
129219737
129218335
129225920
129230671
129217199
129231307
129222271
129235289
129223864
129231579
129219758
129234522
129223877
129229408
129221102
129227728
129231397
129217080
129220280
129216909
129217667
129221377
129229950
129231872
129231867
129226135
129217133
129219806
129221287
129218633
129222857
129220159
129219898
129222843
129217186
129222389
129217004
129221921
129220501
129217371
129231538
129227275
129234603
129230184
129227557
129221024
129228139
129222355
129234598
129232098
129223963
129221268
129224009
129223337
129225079
129224991
129218664
129226555
129224173
129224383
129220411
129234573
129218103
129226806
129216462
129227454
129218618
129220838
129231607
129227440
129223223
129226459
129220746
129219965
129223999
129229291
129231261
129225295
129219726
129224576
129220959
129220236
129222339
129229604
129234308
129222013
129234686
129232593
129231368
129217253
129220422
129217016
129230233
129216189
129218993
129218994
129227409
129229326
129225764
129234290
129217097
129231775
129222001
129235282
129231812
129217072
129222825
129225184
129221623
129217198
129231250
129216235
129222353
129217028
129222387
129224257
129219894
129220569
129229489
129234649
129221860
129231745
129230270
129219795
129219805
129230271
129231094
129231875
129221398
129231758
129230486
129221308
129230790
129216114
129233468
129221903
129219841
129227716
129219752
129220219
129228025
129229675
129229946
129230441
129226923
129220147
129217539
129222091
129228729
129225566
129228371
129218456
129235266
129234449
129221513
129225978
129234486
129228182
129224692
129217373
129224034
129221184
129222295
129216041
129224064
129221004
129218494
129235277
129234026
129227680
129220629
129229571
129222661
129219460
129217231
129231797
129233132
129219017
129230068
129231114
129218659
129216100
129229694
129228298
129225656
129231000
129232724
129220353
129221854
129221591
129221590
129231589
129235181
129222534
129233158
129222329
129217245
129225811
129226958
129223343
129221233
129218964
129230660
129224221
129227295
129229386
129233250
129230738
129216716
129219275
129226194
129227230
129228257
129227624
129224187
129228297
129220160
129216437
129229211
129220252
129230753
129222588
129219878
129222653
129217597
129220344
129228205
129234562
129229531
129216873
129234120
129229856
129219922
129225800
129232963
129221583
129227669
129234471
129216174
129223913
129234512
129232980
129227797
129227469
129234420
129228311
129223965
129227383
129220157
129218438
129225796
129225750
129221963
129227338
129227348
129220484
129220319
129217506
129223994
129224148
129234099
129229955
129231178
129229405
129221874
129234136
129229775
129217192
129221142
129224671
129225169
129228710
129225518
129218802
129217385
129229729
129225715
129227635
129218083
129221095
129229427
129227016
129220465
129230822
129229595
129217543
129217470
129216441
129222467
129218411
129225662
129216185
129235286
129223822
129223796
129230216
129230722
129227802
129217340
129229554
129225210
129216414
129230726
129218471
129225792
129227929
129231173
129217509
129233311
129225732
129216645
129216044
129235153
129224641
129217240
129234145
129219736
129217613
129220950
129217038
129222102
129231222
129228031
129221231
129227386
129230610
129220163
129235330
129224514
129224217
129216986
129227613
129218949
129218373
129222291
129217135
129219342
129226418
129220337
129233722
129219997
129220335
129224813
129223865
129233029
129227329
129229498
129227067
129229884
129222330
129227054
129219734
129229247
129216206
129217666
129229768
129221951
129233266
129221459
129222657
129220857
129225533
129230048
129224091
129216060
129217296
129234392
129225793
129225791
129227587
129226594
129225133
129231572
129234474
129223430
129227717
129229537
129230749
129224052
129234489
129223178
129225280
129220936
129220557
129216504
129226415
129224575
129229687
129222112
129224115
129229821
129227584
129222789
129217620
129224310
129220217
129217168
129227736
129216283
129226076
129217295
129218800
129227447
129222802
129234306
129228333
129223315
129225515
129233150
129226913
129224464
129221851
129233907
129218431
129222003
129225623
129232359
129225231
129227685
129219454
129232635
129223904
129231311
129227764
129228686
129221282
129223333
129228237
129223761
129230732
129220732
129234653
129217511
129217510
129222115
129222786
129218619
129223991
129227720
129221470
129223892
129233759
129224096
129220259
129225740
129233237
129227729
129223891
129227253
129226497
129226027
129217460
129222795
129223736
129222924
129222059
129231821
129220685
129231570
129225777
129225721
129224909
129229652
129226164
129219713
129219712
129231096
129216215
129216604
129224060
129224059
129227025
129219650
129232446
129224037
129234236
129219892
129231212
129226311
129222645
129218905
129224686
129227254
129228668
129229368
129228149
129219910
129233936
129227425
129217242
129226477
129216347
129222287
129229422
129224066
129218263
129221072
129220253
129224314
129216503
129233026
129228337
129217131
129217130
129225784
129226295
129218588
129220477
129218662
129231437
129227526
129230043
129232553
129226057
129222021
129230514
129219959
129223936
129215999
129229467
129222425
129225101
129224396
129219884
129226516
129223989
129222294
129234033
129227618
129220814
129220367
129230432
129228227
129222157
129231876
129222286
129217425
129217443
129220902
129233536
129217377
129229293
129229891
129230980
129223396
129228210
129228212
129225691
129229557
129220967
129224459
129234468
129229982
129234636
129223802
129234488
129225275
129225259
129215983
129226607
129224279
129230231
129230423
129224596
129224577
129222820
129233491
129224260
129216717
129217049
129222068
129217265
129233741
129224041
129222590
129225252
129222834
129217574
129231217
129217672
129221169
129218123
129233040
129233781
129224454
129234205
129225594
129232568
129221310
129216944
129224463
129225709
129216267
129228367
129226088
129216897
129225199
129223821
129224027
129217193
129217291
129221419
129231355
129219436
129222231
129234423
129228473
129224590
129230697
129225093
129220464
129226052
129224699
129219253
129226085
129233582
129222132
129224707
129216203
129234661
129234480
129231512
129222311
129222630
129225530
129230694
129228396
129222265
129225144
129224915
129227749
129233568
129221300
129229925
129222058
129223983
129230008
129233174
129233273
129229720
129229709
129226002
129226003
129230600
129217572
129233181
129224964
129221523
129218196
129222033
129231761
129226079
129223920
129225885
129224765
129222119
129217664
129230105
129229843
129230649
129229567
129233277
129217005
129229631
129221388
129216990
129233045
129222872
129232477
129218407
129225748
129226082
129229869
129217718
129223427
129216135
129228048
129230200
129234625
129219810
129225763
129223128
129220386
129217757
129225960
129228552
129223742
129226405
129216288
129216292
129216392
129219981
129220237
129226548
129235231
129234414
129228267
129224715
129218389
129222007
129229602
129229521
129228705
129234211
129218612
129234458
129228201
129227044
129225055
129229610
129222640
129217234
129223225
129217387
129218483
129226424
129233173
129225843
129217633
129217056
129225669
129225658
129225659
129221120
129229285
129224537
129219927
129225526
129222130
129235227
129218064
129222113
129226827
129228484
129233737
129231665
129216733
129216020
129235319
129216047
129217312
129215985
129216240
129225882
129222940
129221859
129219397
129218461
129223162
129221945
129217204
129228113
129226298
129217555
129222195
129221336
129227581
129223226
129217036
129221504
129227031
129217705
129234561
129219709
129229847
129231960
129227041
129217515
129232431
129224585
129217762
129221349
129229512
129230682
129229907
129217568
129217453
129218300
129227247
129219530
129233764
129230982
129225661
129217771
129228266
129232728
129231799
129229914
129221671
129229670
129226388
129217209
129234204
129216071
129222742
129222276
129231061
129229739
129220342
129217602
129224626
129224400
129230635
129225204
129222734
129219860
129225258
129231529
129231181
129229545
129217091
129216859
129225150
129221613
129230369
129222228
129227798
129232340
129226452
129221128
129228096
129234156
129231225
129217347
129218398
129227378
129222682
129226375
129228293
129222141
129235126
129231480
129218184
129219828
129225733
129225848
129225909
129225523
129233376
129217196
129220536
129229401
129224394
129231091
129224678
129218046
129219378
129226519
129227370
129229702
129225388
129227734
129228440
129220039
129226193
129234192
129227662
129229735
129231409
129227545
129232487
129229534
129225775
129218111
129221949
129217585
129222535
129226625
129226943
129235150
129226680
129216252
129219306
129221886
129235321
129229872
129219391
129224140
129233945
129225053
129228536
129227562
129226728
129219850
129218027
129220764
129222107
129234185
129221483
129227603
129226588
129219367
129233369
129220892
129220285
129220883
129233367
129233371
129221094
129221090
129224344
129233370
129234650
129231484
129231085
129233360
129230604
129217623
129226038
129218773
129219210
129218347
129217619
129217053
129220260
129225817
129220007
129217691
129221318
129226096
129222575
129231051
129220125
129223886
129220186
129228099
129221048
129221901
129231313
129228357
129222322
129222415
129227594
129222748
129224528
129220284
129225700
129219299
129221904
129222617
129229444
129223858
129224713
129217064
129223196
129220033
129228260
129231369
129225970
129217804
129223890
129223906
129231433
129227784
129223448
129226106
129235329
129227057
129230962
129234418
129219679
129221218
129220008
129216997
129219197
129227245
129216807
129220305
129221955
129219929
129219120
129222075
129220514
129227405
129218515
129233199
129223269
129228116
129231871
129225547
129218414
129220126
129234253
129220539
129225955
129226239
129225819
129217562
129225307
129223068
129220647
129235106
129222005
129223816
129222023
129222383
129233803
129222140
129224581
129219972
129223854
129225881
129221519
129217473
129226154
129222643
129229307
129234131
129218620
129224393
129216929
129231476
129224298
129219750
129225924
129217177
129229829
129222500
129220246
129230114
129221250
129233795
129229303
129216598
129226939
129234222
129225304
129222991
129221612
129217175
129234572
129220312
129222071
129225676
129219666
129233802
129231332
129234554
129227843
129221273
129230806
129218363
129225551
129216282
129217512
129228463
129228462
129217388
129232779
129226674
129224578
129219919
129228069
129228346
129231005
129227202
129216985
129223613
129222461
129230021
129230612
129232401
129221373
129227463
129230704
129224117
129233469
129216225
129216234
129230643
129232433
129224993
129217020
129220680
129222827
129216943
129233101
129224006
129229212
129220455
129222209
129225506
129217731
129226575
129235186
129227775
129225591
129230140
129216081
129220240
129220023
129233007
129225839
129220313
129228100
129224305
129222069
129230150
129225794
129221232
129218680
129229312
129224249
129226499
129220287
129224491
129222816
129233028
129231588
129216200
129232192
129225068
129222334
129219163
129230750
129217155
129216396
129235327
129222701
129226491
129224452
129221501
129231600
129230046
129226115
129229251
129219754
129222189
129231561
129218234
129225891
129218539
129218570
129220365
129232675
129223872
129222105
129227037
129220906
129216913
129225138
129234180
129229648
129224618
129227726
129224486
129220040
129229413
129218422
129232476
129221327
129218756
129219730
129233935
129219108
129219664
129227476
129234549
129218259
129216903
129234434
129221586
129228172
129221193
129235294
129222469
129220329
129224719
129216952
129217742
129232082
129224125
129229398
129225628
129229529
129221386
129216880
129222665
129221465
129230606
129234524
129217271
129217520
129217769
129223753
129227486
129221322
129216096
129222055
129228719
129229453
129229397
129225617
129221441
129233658
129233408
129218283
129228291
129229281
129227555
129221876
129220189
129224108
129223340
129217556
129228290
129233900
129226048
129228217
129225273
129234387
129229640
129229448
129234251
129222027
129226442
129229630
129224151
129234526
129226439
129217527
129222087
129222406
129219381
129227824
129218055
129221999
129216306
129234265
129226018
129217227
129217421
129221582
129234675
129217274
129222444
129222192
129219823
129221164
129229462
129228058
129227353
129235323
129224548
129223286
129217770
129227304
129221871
129223447
129232653
129221272
129226886
129223763
129219318
129224697
129220917
129233059
129218417
129224135
129224165
129229436
129229278
129226327
129219693
129226039
129220460
129219800
129221493
129220355
129230727
129220020
129233334
129224586
129227632
129224545
129220506
129233665
129220095
129224624
129221079
129219840
129227614
129224771
129228635
129217339
129218509
129221213
129222307
129223804
129218006
129228073
129223374
129222285
129234520
129225505
129225838
129233271
129229665
129227842
129234411
129224496
129216055
129226269
129224044
129220041
129224592
129222223
129227514
129217450
129233746
129224084
129226593
129218049
129218364
129229289
129229910
129229668
129217093
129225806
129230728
129226025
129217440
129222022
129229301
129228098
129228646
129228564
129221956
129223042
129217805
129233099
129218257
129219680
129220842
129230642
129217391
129225121
129227869
129230032
129230023
129216870
129231774
129220550
129229627
129224195
129219907
129226789
129217122
129222847
129222696
129224661
129227522
129220117
129227671
129232364
129225528
129217459
129225126
129231267
129220275
129220381
129216963
129217128
129221581
129230848
129224485
129225303
129225155
129229827
129227335
129221294
