129218502
129233356
129225520
129227677
129229447
129233022
129225522
129219340
129218219
129217417
129217078
129217079
129228696
129224328
129226104
129219728
129225789
129225638
129217070
129219352
129228216
129225229
129222175
129229463
129225950
129224763
129233139
129218649
129218819
129229867
129230748
129220707
129223360
129222124
129217462
129224857
129221131
129227904
129219268
129225178
129223910
129231413
129226390
129228045
129224049
129227739
129234279
129217728
129227418
129231247
129231246
129227602
129222392
129223783
129234264
129225910
129224684
129221637
129217037
129217035
129218670
129220397
129218449
129229952
129233465
129219000
129216945
129231557
129234342
129232115
129229513
129217099
129235123
129224223
129220227
129222284
129231636
129229272
129229864
129219900
129235249
129228121
129221524
129216517
129216018
129218312
129229267
129221958
129234410
129220821
129220281
129231286
129218406
129224892
129227566
129220133
129229666
129229661
129219688
129218569
129224100
129227835
129219237
129227719
129232051
129221354
129227791
129218522
129218521
129224157
129224736
129229252
129220468
129221939
129225607
129223915
129224724
129219279
129215998
129218564
129230042
129227010
129227980
129218245
129230236
129221907
129232505
129221600
129229903
129216106
129224020
129216205
129233105
129224730
129218892
129226046
129232663
129218101
129227428
129227682
129222953
129225436
129223864
129219758
129234290
129222387
129229946
129224034
129218659
129220157
129230726
129233311
129221231
129217666
129229768
129221459
129225533
129224310
129223315
129226913
129224909
129226311
129229580
129225709
129223821
129219436
129222231
129233582
129234511
129231632
129223983
129229869
129223128
129217312
129225882
129222195
129221671
129216252
129223858
129217804
129223890
129223906
129223269
129234554
129230806
129218363
129218539
129227037
129225628
129216096
129229281
129217527
129221871
129221079
129219840
129225838
129223042
129220117
129231267
