129223414
129217819
129229926
129227726
129231126
129227368
129232318
129227349
129216150
129224590
129222023
129220170
129224061
129217716
129217734
129233029
129228396
129235244
129221558
129231745
129230270
129219795
129219805
129230271
129231094
129229413
129223855
129227025
129226519
129224112
129228575
129218377
129224124
129220814
129229463
129224114
129231386
129224177
129224305
129225633
129222007
129222924
129221327
129220268
129217368
129226541
129222425
129226452
129227063
129220353
129227517
129220038
129227504
129221920
129235276
129219266
129223983
129229426
129225138
129223991
129216266
129233722
129219997
129229862
129216207
129229976
129216158
129224624
129233174
129233273
129234649
129218945
129216437
129230848
129228157
129232097
129217484
129232054
129224318
129222120
129229438
129228268
129216570
129233468
129226288
129217557
129234567
129216031
129227478
129225508
129232381
129232233
129231550
129218632
129235319
129223448
129220437
129225678
129226477
129222721
129230231
129224626
129234549
129234103
129224947
129229654
129226909
129217572
129224064
129225524
129227599
129218158
129226612
129216544
129227842
129234411
129224958
129216041
129222589
129224394
129221297
129220971
129231212
129226931
129222287
129229922
129229571
129224315
129229527
129229713
129222209
129217394
129218515
129219085
129234147
129233918
129227304
129233934
129222853
129218982
129218980
129216153
129226748
129225943
129225944
129234434
129223380
129234120
129219987
129233479
129233478
129230530
129227010
129224031
129227929
129220152
129222153
129219878
129218802
129226421
129223291
129216963
129227292
129231408
129221213
129223397
129221465
129219678
129216189
129224582
129230712
129229645
129229331
129234119
129225607
129216517
129216018
129225123
129218330
129228038
129228598
129224559
129221069
129231636
129231234
129222388
129231076
129217571
129219648
129222638
129217411
129233105
129229281
129231504
129231568
129225683
129227233
129222556
129227799
129220411
129222794
129221449
129230333
129223915
129223910
129222296
129220238
129218618
129219419
129231575
129216828
129217703
129232635
129234532
129224413
129225302
129232083
129223962
129220287
129217425
129235158
129231005
129229720
129229709
129221856
129216131
129222226
129232624
129234570
129221165
129216883
129227878
129225061
129218364
129224713
129227239
129223310
129227243
129235124
129231500
129228303
129222813
129223226
129223764
129234530
129229431
129230052
129231572
129222881
129216015
129223850
129222780
129217757
129229595
129217433
129230576
129222845
129221671
129217281
129223125
129218509
129224333
129228149
129231268
129220097
129223042
129217388
129225833
129226413
129223982
129217460
129226464
129217576
129229385
129220105
129232327
129229242
129230456
129222156
129225824
129231085
129228142
129234641
129217563
129225848
129216428
129230023
129220189
129219530
129221938
129233694
129224552
129217072
129222880
129222133
129224661
129216850
129217729
129227463
129227221
129232140
129221893
129222487
129216178
129230505
129230035
129232364
129230070
129226079
129216340
129227531
129231471
129217142
129235172
129225158
129230687
129224681
129227435
129217470
129221341
129229367
129219900
129226716
129223071
129219847
129220842
129222803
129217358
129226298
129222398
129234197
129226629
129221294
129233656
129218379
129233568
129225199
129221015
129221440
129219465
129228709
129233388
129229823
129224427
129217804
129223890
129223906
129222328
129227885
129229628
129229621
129219779
129226116
129217688
129231860
129232459
129219424
129230735
129220284
129219397
129218461
129224072
129216969
129229959
129232612
129216462
129219174
129226532
129231410
129231301
129229427
129217337
129221097
129216384
129234185
129223268
129234561
129222054
129235170
129226035
129216852
129222048
129229211
129227501
129217387
129218483
129226424
129229500
129227813
129233295
129224080
129227057
129224533
129222335
129219975
129219977
129216411
129224765
129234491
129231221
129229624
129229366
129220442
129224969
129223355
129222339
129221960
129217638
129220292
129229267
129231305
129229965
129226787
129227040
129227676
129226050
129224010
129229573
129216203
129216020
129228140
129221232
129220194
129220821
129229558
129224515
129232843
129231847
129232400
129234515
129225259
129235308
129226381
129234106
129222155
129217467
129233741
129230633
129219893
129219385
129229768
129227300
129223870
129222825
129225844
129229320
129224578
129224446
129224445
129221102
129216851
129232144
129221851
129229725
129229294
129225566
129218687
129235321
129221592
129217391
129226944
129224974
129222777
129221093
129216100
129215988
129222873
129229284
129219984
129219986
129218654
129234439
129225799
129225522
129231399
129234301
129225873
129217057
129225058
129219858
129220306
129217769
129220245
129217629
129223343
129232662
129232646
129232684
129216078
129216733
129224091
129222346
129219294
129224692
129221377
129228048
129222119
129218662
129218445
129219754
129216817
129216273
129233028
129217700
129218678
129229804
129232441
129216106
129231148
129219163
129219120
129235293
129234250
129226549
129225156
129229334
129221866
129216717
129221219
129234471
129216766
129225891
129225628
129221707
129226069
129225994
129224257
129219894
129220569
129230321
129229504
129229469
129221903
129226115
129228045
129225908
129222112
129224123
129220582
129225968
129228106
129221233
129228473
129224579
129219646
129227511
129229285
129218407
129217552
129222606
129231705
129218123
129235100
129216968
129233317
129227357
129225881
129217135
129219455
129219739
129228612
129220685
129233241
129216282
129224586
129224260
129227321
129217264
129226593
129217036
129216915
129231211
129223842
129222111
129217098
129221079
129219840
129233491
129219666
129233802
129217019
129225769
129225674
129222115
129231543
129225038
129217421
129220870
129234437
129222158
129223897
129228297
129220547
129230008
129222740
129228463
129228462
129233117
129216193
129216195
129232649
129224977
129220175
129225937
129229433
129222088
129219302
129217509
129231096
129222608
129219626
129233571
129229532
129222267
129230236
129230675
129217318
129222286
129233759
129229307
129229499
129232578
129217143
129223250
129217294
129222021
129217585
129230732
129229425
129230116
129223812
129226132
129220329
129229969
129223928
129222188
129230726
129227739
129234279
129224836
129234252
129223866
129219251
129216306
129225993
129218137
129217266
129222387
129223994
129227247
129222988
129217148
129232527
129231000
129224806
129225623
129221418
129216344
129232252
129235117
129221024
129220630
129219306
129217653
129218064
129220074
129229644
129227720
129229336
129231445
129227485
129229574
129218570
129229365
129226101
129234475
129228226
129228510
129217805
129230733
129228217
129233033
129229572
129232066
129221043
129221379
129222157
129234548
129230743
129234489
129217612
129231310
129235180
129222236
129230538
129219333
129230076
129223763
129219610
129218184
129221425
129222186
129222214
129217450
129227775
129225549
129230643
129216741
129232138
129220270
129217084
129223429
129221517
129233128
129222420
129224279
129220198
129226425
129223742
129219813
129228550
129226488
129230639
129225770
129219925
129226913
129218089
129222360
129219691
129227669
129232557
129231827
129221504
129231456
129227663
129228029
129230240
129222353
129227614
129232604
129221188
129229752
129226526
129227624
129228035
129228387
129226673
129217090
129225611
129224592
129229496
129223068
129228644
129216012
129217468
129220594
129216961
129225811
129219974
129226374
129234581
129227313
129222802
129217212
129227719
129232051
129222682
129218046
129219307
129227580
129223342
129225531
129231876
129216931
129229381
129234479
129219315
129220095
129222262
129221622
129227662
129224930
129229800
129227785
129232806
129227880
129232911
129221316
129217330
129227249
129221114
129217061
129231145
129230982
129226018
129224705
129219452
129222429
129228466
129226269
129234441
129230519
129223917
129233750
129220386
129223934
129234594
129217220
129221511
129225546
129225686
129219709
129218408
129217446
129233322
129216786
129228260
129222205
129226818
129227560
129220033
129220650
129229851
129228569
129222847
129218598
129227386
129227717
129228054
129224530
129231313
129228357
129229857
129227537
129216235
129220526
129235254
129219993
129222583
129220053
129222677
129223951
129228257
129219195
129229839
129227549
129224638
129234407
129225710
129220299
129220298
129220147
129230622
129233511
129223964
129217289
129217288
129216503
129227830
129221174
129224125
129228083
129219680
129222127
129231271
129222382
129221523
129216682
129216180
129226367
129232837
129221886
129220950
129227023
129226220
129226547
129223777
129228247
129227737
129220536
129225764
129216026
129226637
129226953
129219747
129217414
129217631
129226037
129224051
129216943
129220779
129232493
129216093
129217373
129235282
129218189
129228385
129227271
129220389
129228536
129229675
129218653
129218136
129235174
129217807
129216299
129217527
129232677
129224728
129225793
129225791
129230747
129235086
129231799
129229914
129226864
129222657
129219910
129231016
129229405
129227016
129217637
129228440
129222293
129222034
129228309
129219842
129223800
129227574
129228579
129216212
129230504
129223918
129225703
129226559
129226969
129226518
129227254
129228668
129226695
129217641
129219767
129226121
129217616
129220303
129224678
129229393
129225305
129222524
129235091
129230790
129219927
129225526
129224434
129231328
129222735
129226601
129220020
129228647
129222008
129230105
129220335
129230509
129224724
129221596
129226625
129226943
129219959
129229653
129224669
129222040
129233245
129216084
129225173
129219253
129220847
129219237
129231217
129227324
129219172
129216196
129221514
129233702
129218238
129215997
129225840
129218431
129231512
129231505
129227715
129216252
129216135
129226273
129230752
129220397
129223329
129222854
129217711
129219670
129222389
129221201
129224094
129227037
129217648
129217054
129228037
129234015
129229557
129233919
129217128
129231274
129231587
129221404
129225308
129225832
129225831
129231600
129220742
129219743
129227510
129225700
129219299
129224501
129227688
129230345
129229392
129225797
129225518
129219045
129224088
129224730
129225048
129235123
129222708
129231588
129232487
129217657
129223070
129228665
129216907
129222140
129227764
129226550
129217704
129229893
129221419
129226555
129224108
129217198
129229287
129230119
129221609
129221608
129223333
129227985
129225153
129225281
129222883
129222042
129233526
129222415
129226194
129218559
129219216
129235318
129234187
129224892
129227230
129223269
129229719
129226076
129216230
129234419
129227998
129233795
129229303
129235298
129226528
129218320
129222706
129222442
129226503
129221386
129234595
129232819
129223950
129220187
129220188
129217443
129229377
129230612
129226499
129224852
129226599
129222232
129225174
129235223
129220705
129231883
129229439
129222041
129222843
129229604
129234308
129224452
129229529
129224238
129222656
129224429
129230678
129229724
129220313
129230624
129221354
129232073
129234606
129227797
129218208
129223822
129222022
129221582
129234026
129227680
129220629
129219215
129231178
129224736
129227725
129232136
129228058
129220326
129217820
129216954
129234375
129221914
129222101
129233313
129220332
129222013
129218223
129230665
129218268
129230607
129230606
129230714
129235228
129223404
129216009
129222266
129229471
129229470
129234628
129229312
129224543
129228026
129216169
129216732
129229856
129217347
129223737
129229587
129220829
129220051
129227596
129229807
129231513
129229614
129217086
129219726
129231675
129217806
129229580
129216775
129229513
129227049
129229729
129230635
129225806
129221127
129222617
129217472
129222064
129227627
129217064
129216225
129227602
129220837
129223445
129224619
129220439
129232575
129220312
129226105
129234251
129229957
129217075
129224082
129224104
129224310
129223340
129227670
129222793
129221412
129231812
129227796
129223128
129226823
129229639
129221461
129220697
129230822
129225716
129217665
129226588
129223388
129235181
129221945
129228269
129225115
129224195
129229408
129224222
129221585
129220215
129222006
129227428
129229567
129229368
129229678
129221597
129234502
129221547
129218462
129222148
129226052
129224037
129221160
129225775
129217531
129226476
129225748
129231507
129231223
129220591
129216283
129225641
129234200
129225761
129231665
129222055
129220088
129220086
129232107
129225707
129231758
129224401
129232980
129225122
129223196
129225681
129228051
129216807
129218372
129225973
129230020
129223360
129222124
129234211
129221353
129231759
129225794
129235118
129235119
129225121
129234134
129230489
129225975
129221385
129220897
129219442
129234535
129228201
129225572
129222752
129222462
129220483
129221251
129217633
129222427
129224159
129229261
129216928
129225620
129216866
129229279
129229280
129230581
129230874
129222820
129224577
129234420
129222457
129222376
129224569
129230999
129231010
129232801
129227440
129221218
129232454
129220508
129223039
129226455
129218107
129230021
129222314
129225909
129225630
129219736
129218438
129223422
129223428
129227274
129221250
129221388
129219920
129229829
129224520
129220664
129221266
129218905
129230104
129235311
129221859
129233937
129227999
129225290
129228213
129223411
129218494
129224287
129223033
129226014
129234292
129229705
129227654
129232524
129221637
129229327
129230750
129222212
129217300
129216840
129232722
129216625
129225530
129229896
129233469
129230047
129223895
129234429
129221321
129224639
129226164
129225869
129228104
129232728
129227784
129221163
129228564
129229401
129228728
129224459
129217211
129228491
129232514
129229613
129227018
129222330
129222195
129227564
129218481
129221586
129220262
129230660
129232248
129223802
129226848
129231349
129234306
129225134
129218216
129216165
129216945
129226002
129226003
129231885
129223883
129220133
129231129
129221595
129228262
129220367
129218680
129219395
129226028
129234672
129217159
129227759
129221921
129229207
129220203
129231270
129223806
129224396
129221593
129226603
129223948
129233345
129232724
129233727
129233715
129224135
129224165
129222110
129221071
129232688
129218050
129223400
129224321
129227285
129230277
129222716
129223747
129227441
129224914
129217245
129231063
129235150
129217473
129227742
129229374
129218643
129225721
129226679
129225649
129232597
129227466
129217315
129217314
129218111
129234180
129222184
129216392
129225252
129233936
129227425
129217459
129219392
129227552
129221128
129221489
129217485
129230695
129229602
129229521
129224237
129223090
129225902
129222092
129229350
129230710
129229213
129223796
129230216
129224227
129232232
129232236
129223140
129217280
129223149
129224549
129234562
129229531
129223979
129227843
129229702
129229321
129224526
129223526
129234617
129232825
129226663
129217581
129229869
129224856
129223738
129229999
129229447
129231173
129226202
129221308
129230462
129222392
129223810
129218531
129216901
129218708
129227479
129220365
129221860
129225179
129228581
129234175
129216926
129225978
129218786
129224890
129231873
129221952
129224201
129222722
129222342
129228426
129216239
129230656
129224393
129227730
129219929
129224597
129233935
129216102
129218084
129233737
129225307
129233024
129225682
129226338
129225245
129222132
129235090
129222363
129234352
129218259
129222225
129226605
129222331
129222070
129225763
129220502
129229204
129217676
129218148
129216466
129216989
129233718
129227526
129216246
129216247
129220369
129232594
129224777
129221300
129234609
129216878
129224603
129227499
129229880
129224618
129232401
129220553
129229950
129231872
129228116
129227410
129225777
129224314
129218017
129218497
129222128
129231219
129221616
129223086
129227032
129222091
129220661
129225918
129218015
129232811
129216956
129230748
129226388
129230729
129234204
129217486
129222397
129233858
129229291
129224972
129222215
129231501
129228172
129217689
129217016
129221162
129224229
129219998
129218482
129222178
129233582
129229443
129228073
129225883
129217218
129230717
129226405
129231552
129216213
129226065
129232075
129228554
129227297
129225576
129222834
129226025
129231768
129224898
129226645
129217236
129233564
129228318
129227923
129219972
129217613
129228044
129226535
129221270
129217085
129221358
129229971
129234518
129231307
129222271
129229540
129235309
129235310
129217051
129221073
129221108
129221281
129221623
129231353
129219210
129223436
129227841
129227423
129224634
129228053
129221994
129226370
129221955
129229467
129234115
129234116
129217194
129226030
129220539
129229791
129219642
129219298
129223824
129215993
129225736
129229297
129226038
129224022
129225547
129222469
129216319
129221853
129232098
129227904
129231576
129229459
129220774
129222207
129218243
129222080
129234398
129231314
129216860
129219981
129220237
129224109
129224106
129230370
129228552
129228354
129224392
129229292
129225143
129222001
129225739
129222280
129235294
129224049
129233311
129223223
129225198
129224739
129231419
129231241
129231802
129230043
129232553
129230981
129234435
129232676
129216965
129220207
129225554
129216891
129232357
129225782
129221639
129220255
129218504
129217031
129224383
129218644
129216159
129232340
129222695
129231048
129222117
129234477
129229480
129218079
129227939
129231225
129226091
129217436
129231574
129221147
129219749
129217379
129218272
129220159
129219898
129224857
129222455
129232796
129229843
129221629
129220383
129225504
129234493
129226999
129217667
129228333
129223229
129222009
129219349
129225204
129224330
129233796
129230637
129218060
129218257
129227333
129220202
129227059
129225970
129222100
129224760
129216368
129221215
129233168
129235149
129225847
129217746
129233966
129223358
129220506
129231427
129217043
129217600
129222107
129220128
129233045
129222577
129222315
129221617
129222386
129217029
129217743
129227314
129223447
129229887
129234391
129231529
129231181
129229545
129219164
129221995
129222035
129224812
129233915
129218800
129222953
129223913
129232633
129229465
129223431
129224063
129223791
129224298
129226074
129219160
129227819
129233334
129219860
129231674
129227265
129217550
129222612
129229304
129227811
129231383
129233945
129218169
129216205
129229453
129229397
129224810
129232593
129224000
129217186
129229561
129226127
129220499
129225301
129220503
129220722
129229411
129216206
129234105
129223980
129222357
129224439
129220746
129227623
129222653
129220906
129227545
129224557
129222649
129231835
129223275
129226415
129226962
129235178
129225965
129219000
129217662
129230068
129227369
129226784
129229575
129220952
129229913
129218564
129230042
129222304
129222141
129234524
129219664
129234431
129222627
129231152
129228727
129224054
129216155
129227472
129232587
129218692
129220007
129229283
129228295
129221863
129223867
129229566
129222298
129232784
129231260
129221181
129220028
129230032
129231869
129221441
129226886
129224491
129218411
129226048
129234237
129227303
129221874
129227295
129221533
129219901
129227869
129224697
129221142
129220135
129218664
129234265
129222138
129218979
129230749
129216071
129224173
129227522
129228210
129228212
129227887
129223270
129234577
129231453
129230177
129230028
129228327
129233006
129227565
129221583
129217593
129225139
129221013
129223098
129227734
129222176
129221367
129217006
129226607
129227661
129219933
129232139
129225608
129216985
129217151
129221858
129220149
129227987
129229482
129229481
129224909
129217439
129231267
129225692
129224347
129218405
129224187
129221107
129229209
129216706
129235157
129234488
129218995
129230458
129223101
129218964
129227017
129230722
129228216
129219722
129217010
129227751
129219761
129216698
129221265
129220959
129222665
129218283
129228316
129229410
129228096
129228290
129226447
129220221
129216785
129224120
129225388
129226305
129219737
129218819
129224147
129222588
129223233
129216092
129222228
129220242
129234067
129220160
129222407
129232274
129235231
129229634
129234511
129231632
129225952
129234480
129222406
129225190
129220730
129217103
129234269
129234604
129234615
129221390
129215999
129218347
129218234
129217343
129225587
129217521
129224372
129224454
129235160
129227418
129217377
129233512
129216414
129221148
129230077
129228184
129226491
129222206
129220236
129221100
129232115
129220123
129222601
129227160
129220379
129228719
129219922
129235122
129228040
129223015
129219316
129218394
129216903
129233788
129230569
129221820
129221435
129220994
129220166
129227067
129217242
129222862
129221272
129231207
129217097
129225169
129232733
129221478
129227551
129220541
129219453
129216908
129216188
129234573
129229282
129234520
129232399
129217786
129231236
129221525
129231286
129224830
129231944
129222816
129222730
129221956
129225184
129225828
129226236
129232842
129217329
129224668
129217270
129219752
129226327
129221999
129224069
129224269
129220124
129224666
129219764
129223872
129221925
129222987
129217295
129221868
129226221
129226243
129219344
129220085
129221307
129235272
129220157
129230697
129229952
129227106
129228227
129226293
129228574
129234442
129231582
129229930
129217106
129231204
129218507
129225645
129230157
129227236
129226039
129221322
129218886
129225569
129225112
129224408
129225595
129216946
129224585
129229251
129225528
129217158
129233455
129225102
129229568
129227031
129228557
129229821
129217241
129220372
129222789
129224444
129229246
129223841
129229231
129220888
129223999
129222116
129221542
129230140
129225235
129216250
129217513
129221452
129224564
129224596
129226107
129221342
129221569
129221567
129221398
129230641
129221652
129217193
129220029
129216934
129220647
129221907
129227044
129231455
129227685
129222383
129219454
129233671
129230566
129220186
129222619
129220800
129234182
129229730
129225003
129230599
129229740
129230719
129229378
129228464
129225950
129217693
129226594
129228263
129231340
129226574
129219342
129229876
129223891
129225261
129222467
129224488
129222295
129227584
129219843
129222542
129226380
129221549
129218548
129226595
129223317
129225898
129234006
129220465
129229982
129222075
129217273
129217272
129225133
129219684
129215991
129219653
129221958
129216121
129218114
129227581
129220984
129233970
129230707
129228484
129228304
129233271
129235266
129225246
129220414
129227731
129224467
129221356
129222626
129220178
129217196
129223877
129223286
129217666
129233743
129224686
129229925
129227269
129222597
129218414
129218116
129218335
129221524
129224151
129219716
129219717
129222131
129224464
129219286
129226336
129233533
129229243
129229212
129220377
129227318
129221364
129221473
129215983
129234410
129229577
129227593
129231561
129223753
129229274
129234679
129225728
129225727
129228311
129221591
129221590
129225093
129226945
129220642
129220252
129224052
129234675
129234406
129222192
129224100
129218978
129226453
129217614
129217635
129233289
129222276
129217145
129220281
129219705
129221872
129227695
129216267
129229344
129220084
129230434
129231484
129235186
129223424
129223787
129216099
129225884
129225282
129225846
129221836
129227064
129220323
129228402
129221336
129222275
129217339
129225068
129228553
129225317
129225008
129223952
129230962
129225910
129222394
129230974
129220225
129222067
129234526
129221131
129223821
129226622
129225499
129230467
129228308
129220099
129234136
129218765
129221373
129229215
129226674
129233527
129228195
129228313
129227484
129219367
129235289
129216973
129219960
129228261
129219268
129224936
129225667
129228399
129219352
129219693
129225238
129221048
129226324
129223421
129225613
129217541
129216441
129231302
129223483
129225636
129224671
129222395
129217146
129215990
129218790
129225796
129225750
129234481
129218498
129222292
129231478
129224629
129224338
129227732
129222143
129234648
129221310
129220535
129217489
129217731
129222939
129222954
129216110
129216111
129230422
129225836
129222113
129218373
129219327
129222329
129219391
129227976
129231201
129230663
129229330
129220857
129230234
129231760
129222033
129221501
129222451
129226046
129226581
129216582
129223210
129221985
129229687
129232568
129233139
129231061
129229739
129230090
129227326
129222535
129220008
129230369
129230200
129230288
129220228
129235195
129235184
129235284
129219827
129217274
129221405
129217070
129226096
129234458
129221928
129222069
129230150
129221459
129234196
129218983
129227533
129219948
129232132
129216075
129220081
129235038
129226238
129230625
129216177
129233022
129232431
129226566
129220142
129231761
129220455
129220280
129226034
129225980
129231750
129217133
129225170
129224498
129217499
129228405
129230704
129229238
129224558
129223214
129222690
129225258
129217555
129224684
129227934
129226094
129216354
129225631
129226973
129227003
129228266
129224964
129220648
129216598
129235249
129217547
129232082
129225974
129232638
129228305
129227382
129233908
129222850
129220302
129221318
129224514
129224217
129226504
129229801
129224028
129227245
129225622
129235323
129222233
129222145
129220246
129217209
129221483
129217140
129218406
129226387
129222856
129219734
129230062
129231406
129220249
129228359
129231051
129235238
129222321
129219777
129223000
129230055
129218502
129220253
129218312
129223430
129224667
129224670
129223858
129217568
129230744
129217250
129216248
129232070
129229630
129230571
129235291
129222831
129222461
129231443
129231275
129231611
129216284
129227235
129233250
129219459
129217020
129228635
129217116
129224296
129224802
129221977
129222520
129224006
129228006
129225436
129216748
129218039
129225693
129223374
129222285
129224024
129225784
129226295
129223900
129224400
129234663
129221414
129220259
129228337
129220039
129217453
129220514
129221927
129221951
129233266
129219919
129217002
129219663
129224757
129227587
129228113
129219243
129222973
129233376
129216599
129216597
129226735
129234395
129232261
129233873
129223215
129220240
129220023
129234626
129220310
129231867
129229355
129223939
129227979
129231332
129225838
129225260
129222204
129228092
129223846
129234388
129232345
129217417
129224455
129217718
129216448
129220229
129234098
129233360
129231679
129226111
129224581
129227613
129231542
129229489
129230594
129230102
129218446
129225101
129234415
129221283
129222311
129222630
129232777
129218820
129226893
129225150
129224141
129230671
129216083
129227459
129233296
129216090
129217319
129218127
129225931
129218101
129217515
129218529
129231426
129227400
129233745
129225097
129220603
129216941
129220344
129216081
129224637
129232337
129228079
129218491
129225907
129234192
129220460
129219800
129221493
129220355
129234593
129233015
129220982
129235297
129229650
129223168
129220707
129235085
129230486
129229666
129229661
129222857
129225231
129234315
129226728
129216007
129220915
129231250
129219697
129221420
129219889
129227645
129227316
129225900
129225839
129227745
129234427
129224116
129233035
129226414
129216082
129220163
129215985
129224500
129230649
129229923
129225882
129227253
129217180
129217400
129224848
129224118
129229562
129224468
129229556
129226185
129221640
129225691
129232779
129222555
129216027
129216029
129221123
129230423
129233017
129234222
129225593
129225592
129216223
129222748
129225506
129226390
129228355
129223894
129229946
129227592
129225230
129229528
129228281
129220680
129229615
129225577
129224328
129224660
129221282
129229589
129227559
129229674
129226442
129219289
129229382
129224327
129216735
129234396
129226742
129217257
129229891
129217217
129218103
129234414
129228267
129234554
129216374
129216991
129229836
129216980
129233181
129232744
129227805
129224096
129218052
129218131
129223904
129221631
129219249
129225874
129234387
129222097
129220269
129225762
129224715
129220931
129227506
129230579
129220451
129225303
129222284
129219969
129218363
129217553
129221530
129227277
129222650
129234156
129234205
129227955
129216504
129228237
129233040
129222786
129222086
129225676
129234661
129231409
129230683
129227383
129217044
129221880
129227519
129233739
129225697
129231778
129220231
129224774
129224374
129222105
129220328
129223142
129230184
129219965
129230514
129217037
129217035
129224415
129218198
129225155
129217540
129230233
129225998
129216887
129229507
129231272
129220501
129225800
129227791
129228119
129221311
129225772
129216967
129216929
129217412
129227668
129219671
129217271
129229664
129224699
129228121
129225280
129222882
129233658
129233408
129225668
129229399
129216120
129216643
129221513
129228282
129220948
129217361
129223843
129230432
129216114
129228710
129234660
129222940
129229989
129230017
129217202
129230728
129229351
129229332
129217301
129216994
129235092
129233422
129232463
129224307
129223936
129231871
129231652
129228646
129225732
129227338
129227348
129228182
129225919
129225754
129218684
129224044
129217405
129226932
129222223
129224002
129224140
129223957
129233132
129221895
129220392
129223864
129233963
129230061
129226206
129226204
129224470
129217088
129233900
129216200
129227409
129227356
129227360
129226497
129222991
129217296
129224128
129234342
129228186
129229218
129225715
129235126
129229230
129217231
129225680
129225920
129218511
129218546
129217059
129220423
129231666
129220375
129226955
129232967
129220748
129217175
129218773
129220712
129233043
129222281
129217155
129216396
129221537
129229748
129226861
129225082
129217005
129224813
129223865
129217732
129229781
129217078
129217079
129231342
129223337
129233277
129230610
129220244
129217619
129226319
129226564
129234462
129223661
129235183
129226854
129217422
129228211
129228180
129224523
129221854
129217367
129229610
129225662
129234647
129234627
129216649
129217797
129231610
129232359
129216064
129217114
129226563
129224060
129224059
129229379
129230445
129226047
129227728
129231397
129217456
129218154
129229301
129220429
129234423
129227699
129224337
129216975
129231296
129223066
129223069
129229462
129225106
129225107
129224209
129232559
129233570
129218536
129222337
129226565
129226418
129234551
129232477
129222169
129231281
129225643
129230066
129221101
129232816
129232814
129217004
129220524
129224371
129219786
129229864
129217174
129222016
129225896
129226409
129226631
129223813
129221949
129219871
129233742
129223972
129219962
129222594
129234552
129220047
129222696
129218605
129227682
129222027
129229203
129229936
129218530
129220902
129219879
129216240
129234494
129220384
129228707
129229697
129218389
129218705
129234631
129217543
129223770
129229337
129229247
129221095
129220917
129226671
129219138
129221155
129221334
129219275
129224528
129216187
129229937
129219841
129224223
129219745
129218554
129223940
129232446
129226585
129222014
129235106
129231227
129233933
129217620
129221484
129230562
129231279
129235194
129216897
129221573
129233786
129228094
129227735
129222645
129222175
129229689
129231650
129227202
129220978
129231698
129231706
129230684
129234541
129217312
129227889
129229894
129229518
129219891
129228139
129227594
129224541
129222265
129231392
129220205
129229328
129228081
129233711
129216063
129220208
129228264
129223093
129225760
129231369
129230693
129230261
129230692
129232798
129218892
129227454
129218409
129222807
129225657
129235299
129216060
129226434
129231222
129217056
129221072
129219964
129224101
129226356
129234522
129233355
129221407
129234307
129225273
129227849
129220967
129224075
129216870
129227675
129219945
129229753
129220387
129218449
129223736
129224148
129225962
129221574
129231413
129221245
129227339
129216055
129224496
129220117
129235153
129225868
129229582
129227095
129230255
129227708
129220278
129217385
129224612
129222307
129227922
129220218
129223225
129221273
129231428
129221149
129226579
129228234
129220523
129217028
129222224
129228099
129226015
129219787
129234145
129221904
129222325
129226000
129219913
129216124
129223761
129222173
129220472
129224610
129231833
129218659
129222059
129227278
129221581
129220233
129221864
129229537
129222098
129217340
129229652
129220031
129228232
129230266
129225532
129228369
129229695
129227480
129235255
129222136
129229398
129222380
129216873
129221766
129226106
129216257
129233394
129222772
129229750
129224948
129232334
129225885
129231376
129228291
129216537
129218287
129224534
129216990
129224412
129225656
129220219
129227781
129231722
129232623
129227603
129220359
129225792
129227815
129233725
129223973
129218346
129217691
129230586
129229622
129229766
129230220
129227716
129229848
129217131
129217130
129225340
129226081
129216952
129217742
129231586
129232822
129222087
129221453
129234486
129234688
129220732
129234653
129218196
129223193
129217771
129222800
129219810
129224642
129229638
129222203
129226087
129220936
129219821
129216855
129224265
129217117
129222734
129219875
129230476
129230738
129220217
129229354
129219730
129224522
129228628
129227246
129233101
129225789
129225638
129220477
129229640
129219108
129234440
129219897
129234253
129217580
129217177
129227618
129227834
129227546
129227445
129227279
129216838
129216813
129228371
129218456
129217290
129224657
129216057
129225079
129224991
129230356
129216642
129227824
129218055
129221164
129230591
129219274
129223989
129234239
129223862
129227352
129229415
129219456
129226444
129216932
129216937
129223886
129221876
129229353
129226925
129229980
129219756
129220456
129234635
129231821
129226665
129223720
129225285
129227736
129224988
129220497
129220473
129233218
129223854
129224384
129224385
129221058
129222071
129222540
129222102
129217215
129220464
129222005
129225755
129229512
129218463
129224246
129226958
129220072
129227766
129222217
129216430
129233447
129228030
129224839
129218049
129233465
129228235
129230559
129231082
129229805
129225512
129225759
129224771
129223935
129230629
129228600
129220407
129217762
129220828
129231218
129229591
129233356
129233059
129217244
129229383
129220321
129220715
129224796
129220348
129229670
129223926
129217496
129225511
129222647
129224548
129233677
129227790
129229588
129222032
129220126
129225253
129224046
129230980
129222030
129220378
129226539
129218455
129226571
129216234
129219850
129218027
129230048
129217107
129216442
129218156
129222465
129220764
129224719
129228025
129231878
129231877
129216754
129226470
129222575
129216074
129229884
129234167
129222819
129231384
129216904
129216044
129226500
129227749
129222529
129224066
129222058
129234223
129227875
129229873
129218629
129220289
129218695
129218672
129229358
129229826
129234449
129223204
129223205
129230806
129228205
129222444
129224272
129228572
129227712
129217284
129218756
129226135
129219335
129220279
129220741
129220158
129218635
129224117
129219758
129230983
129230984
129216918
129222848
129226827
129218006
129218458
129231257
129217705
129223896
129225843
129231594
129219999
129216940
129231394
129229554
129234603
129219184
129221371
129224405
129219318
129226083
129226780
129229534
129218670
129223938
129219828
129222308
129217344
129234413
129226967
129224942
129218578
129224115
129223749
129219197
129232422
129228298
129219907
129226789
129228041
129229460
129221481
129227041
129220250
129230604
129232142
129230393
129219703
129230621
129229775
129228389
129221260
129218115
129233536
129220468
129223767
129229867
129216899
129225552
129222795
129227935
129218571
129229474
129229260
129227692
129230490
129235193
129217066
129229728
129225292
129222065
129220319
129223779
129229359
129229220
129227566
129233746
129232407
129234583
129217529
129223783
129234264
129220404
129221594
129233668
129232093
129225733
129224662
129225867
129234299
129231755
129232608
129226523
129226222
129220484
129222294
129234033
129232480
129219817
129222160
129232430
129224027
129221005
129228346
129225612
129217374
129218147
129231433
129224428
129224698
129224553
129224111
129224430
129224409
129222826
129226104
129217335
129218471
129226561
129221206
129223135
129223136
129217305
129227639
129229306
129234474
129221189
129232351
129224189
129222508
129219688
129226077
129225819
129225149
129220871
129226009
129223133
129227439
129222072
129220110
129222717
129217602
129224309
129231441
129235192
129222534
129221413
129232790
129217597
129235329
129229293
129218398
129223439
129223438
129229570
129218555
129232827
129222643
129220583
129218199
129225523
129233021
129227523
129229789
129225913
129222189
129227729
129221172
129232483
129218723
129231261
129218569
129221561
129222664
129231357
129226378
129229289
129229910
129223735
129220275
129220381
129222193
129225519
129234018
129217672
129225669
129225658
129222590
129229827
129234244
129225780
129234650
129220346
129224158
129222497
129225306
129220171
129227405
129221967
129220954
129231429
129230600
129218619
129223396
129225687
129219381
129224304
129219650
129234512
129226575
129230441
129232346
129221470
129217227
129218620
129228677
129220146
129222130
129216091
129221871
129225315
129230715
129233237
129217265
129226916
129229696
129230650
129217099
129227642
129222769
129229217
129217234
129224404
129219440
129231362
129223730
129218612
129231265
129228604
129232520
129226082
129230074
129223178
129224249
129217738
129230419
129231553
129223859
129221488
129229620
129222028
129234459
129232165
129229516
129225616
129224545
129234259
129233803
129216172
129231259
129217360
129224803
129221986
129220805
129233173
129218333
129233881
129233842
129216880
129234183
129223966
129232788
129221169
129235207
129227512
129234124
129228100
129225617
129216736
129225265
129217359
129221231
129217291
129216174
129216988
129218276
129220500
129221589
129224993
129217926
129227364
129231269
129224378
129230097
129226148
129220177
129216378
129217506
129230075
129221117
129231464
129225053
129235218
129225589
129218459
129224119
129223162
129232375
129219983
129227496
129231557
129218151
129227412
129228101
129229326
129227288
129233150
129224380
129235208
129219189
129233781
129220339
129221288
129229298
129218219
129217556
129235137
129222827
129224341
129229319
129224611
129223351
129227244
129223908
129222355
129229522
129231247
129231246
129228606
129224103
129226806
129216232
129219498
129222642
129216175
129233099
129217770
129233007
129223059
129221519
129218544
129232433
129229735
129224240
129222781
129225064
129222076
129230619
129224121
129218517
129230473
129227825
129220337
129227798
129227053
129223440
129217297
129225420
129216997
129224349
129220132
129227378
129216351
129217100
129228189
129216215
129216604
129224266
129223945
129224041
129234601
129218633
129225618
129233103
129227465
129215998
129217199
129219017
129231278
129229278
129219279
129226154
129226516
129234625
129218986
129234432
129234616
129230465
129226375
129220200
129224197
129226112
129229860
129232658
129225679
129234131
129219723
129230280
129222063
129217626
129223954
129224036
129220220
129228249
129222241
129220027
129233910
129224009
129224276
129226939
129232192
129234468
129220425
129216471
129228445
129229372
129222519
129230679
129225591
129235320
129225520
129229847
129229163
129224001
129226569
129231522
129221293
129225878
129226297
129234177
129224113
129225073
129217565
129216600
129229872
129227396
129216103
129220041
129217204
129224512
129223836
129233923
129223284
129222785
129218604
129222129
129229955
129222641
129222174
129222496
129230114
129228475
129234408
129218209
129224019
129222500
129229665
129226008
129226103
129216151
129227030
129228367
129217205
129233398
129222900
129225740
129229396
129228069
129227909
129222783
129217595
129224990
129224465
129229949
129218953
129221954
129227576
129229477
129216288
129216292
129225798
129224556
129228306
129227377
129217173
129217350
129217293
129217129
129218468
129229455
129229400
129219228
129228500
129226027
129227051
129222237
129228130
129223861
129218083
129224641
129221392
129226877
129234392
129224463
129231424
129227776
129235237
129227527
129220125
129229802
129218300
129222213
129221939
129227671
129234642
129223446
129225905
129216281
129232810
129229387
129224086
129216047
129221200
129228114
129232752
129218457
129224486
129223852
129227353
129234571
129231324
129222051
129220749
129234436
129229852
129220151
129219903
129225286
129230975
129227458
129224502
129225085
129228593
129234021
129225653
129227540
129226322
129226321
129226521
129226578
129226493
129229456
129227373
129223892
129225126
129219762
129227836
129220658
129222291
129229563
129221185
129230160
129216862
129231147
129233907
129219728
129224250
129224268
129220301
129218016
129224572
129221607
129229235
129227892
129231311
129229444
129227763
129223828
129228293
129234290
129228111
129227335
129231851
129234780
129216645
129229395
129231289
129217197
129216680
129227562
129234574
129223368
129220336
129221963
129220040
129234690
129234400
129234207
129222582
129226923
129221428
129220417
129229416
129222270
129220496
129218649
129230088
129227436
129229272
129231803
129224020
129219658
129224299
129221560
129227583
129217038
129221950
129233158
129227835
129224155
129223543
129233764
129230640
129220293
129229402
129218588
129227557
129225201
129217795
129224193
129232550
129227476
129217091
129216859
129226618
129224883
129227393
129225223
129224763
129231579
129228705
129220394
129225757
129223315
129219750
129225924
129223021
129230739
129221634
129231845
129234572
129221550
129219676
129217122
129225655
129221901
129235133
129225324
129227530
129221337
129221184
129231875
129230034
129228242
129227263
129228109
129225113
129218349
129221136
129222003
129221347
129225565
129224841
129230978
129217562
129219278
129230736
129224466
129232820
129221653
129217371
129230694
129233744
129227487
129226431
129234149
129230174
129220551
129221526
129219884
129220527
129231138
129229619
129226793
129224225
129225807
129226085
129224542
129225144
129224915
129221626
129216913
129217694
129219460
129220893
129218949
129220713
129234497
129222029
129229890
129218539
129233967
129226680
129235232
129233665
129226446
129216871
129227469
129234236
129230682
129229907
129223331
129223816
129229648
129219340
129223409
129221157
129225906
129217511
129217510
129225295
129228654
129224540
129216076
129218439
129227733
129219343
129227362
129223914
129227370
129227684
129229657
129220305
129222334
129232451
129224979
129225712
129218422
129232476
129220390
129229758
129226193
129217766
129224084
129229647
129222099
129224838
129227471
129225605
129220996
129220755
129229590
129224576
129230046
129235330
129232675
129231150
129216033
129218179
129230358
129216888
129220877
129229694
129232813
129221869
129221947
129229360
129223734
129217184
129233808
129229510
129224537
129215996
129223804
129232621
129222084
129227802
129229552
129229252
129216986
129231960
129219214
129223311
129222061
129229755
129225849
129231775
129217462
129216473
129221345
129222872
129233079
129231562
129230000
129217253
129219378
129227483
129228603
129220006
129228711
129216716
129231031
129220585
129229222
129235227
129233430
129227555
129230645
129217554
129220035
129216347
129218840
129225077
129228686
129223920
129229286
129227317
129222316
129221612
129218245
129227430
129219185
129219892
129235278
129219908
129231091
129216960
129228148
129224473
129217539
129218263
129229627
129231797
129223423
129226422
129219659
129224097
129227503
129233199
129217168
129226311
129231421
129230084
129219778
129227758
129231570
129229631
129221605
129224663
129225116
129225505
129220112
129230920
129234598
129217664
129223427
129227846
129227309
129232663
129216909
129217408
129233161
129234608
129217551
129234636
129233774
129224042
129217310
129226950
129230642
129230690
129226041
129231476
129218522
129218521
129222701
129231592
129231285
129221613
129220216
129225210
129234246
129235277
129223907
129225960
129219015
129229548
129227744
129228382
129225274
129233020
129220422
129219713
129219712
129220443
129220489
129219725
129217440
129229501
129222679
129225598
129227586
129227329
129220609
129227607
129229668
129223925
129233014
129234501
129216096
129220342
129227275
129221279
129227980
129225078
129218175
129224387
129232505
129230753
129221975
129224283
129225222
129220181
129224178
129224188
129222640
129229777
129217673
129230727
129221884
129233023
129219223
129221940
129221120
129219935
129233429
129218113
129224568
129230979
129224503
129233157
129229680
129235286
129232127
129225094
129227632
129226459
129227635
129224949
129222322
129228098
129229868
129234099
129221004
129223085
129225533
129224196
129220308
129231437
129227848
129233683
129223613
129225510
129226216
129231144
129217655
129229600
129219624
129216792
129229386
129226057
129221359
129217376
129224150
129229997
129229998
129217093
129231355
129216827
129230038
129228031
129220260
129227394
129224255
129230010
129223306
129220838
129231607
129229498
129221536
129217458
129227186
129227054
129227363
129227727
129234128
129234669
129222554
129226064
129233134
129218606
129218525
129223834
129229369
129227407
129218993
129218994
129224485
129226732
129219806
129221287
