129232318
129227349
129224590
129220170
129217716
129235244
129227025
129224112
129228575
129218377
129224177
129224305
129222924
129226452
129229426
129225138
129216207
129216158
129230848
129228157
129232097
129228268
129232233
129224626
129224394
129231212
129229922
129219085
129233918
129216153
129219987
129233479
129233478
129230530
129230712
129229645
129229331
129221069
129229281
129231504
129231568
129220411
129218618
129216828
129217703
129232635
129216883
129223310
129227243
129217433
129221671
129228149
129220097
129225833
129226413
129223982
129229385
129225848
129221938
129224552
129222880
129232364
129226079
129216340
129217142
129224681
129217470
129219900
129221294
129221440
129228709
129227885
129217688
129232459
129219424
129219397
129218461
129223268
129235170
129217387
129218483
129226424
129222335
129224969
129227040
129227676
129226050
129216020
129223870
129222825
129221851
129229725
129229294
129226944
129229284
129225873
129224091
129222346
129218662
129216717
129225628
129230321
129224123
129221233
129228473
129224579
129229285
129231705
129216968
129233317
129228612
129220685
129217264
129217098
129225769
129231543
129223897
129233117
129232649
129224977
129233571
129230675
129232578
129230732
129229969
129223928
129230726
129234252
129222988
129231000
129225623
129235117
129229644
129229336
129231445
129229574
129228226
129234489
129231310
129230538
129230076
129217450
129227775
129225549
129221517
129224279
129220198
129226425
129231456
129230240
129227614
129221188
129228035
129228387
129223068
129228644
129217468
129220594
129223342
129222262
129231145
129226018
129228466
129220386
129217220
129221511
129220033
129228569
129231313
129228357
129220053
129222677
129216503
129222382
129216682
129216180
129220536
129225764
129216026
129226637
129226953
129224051
129222127
129227271
129218653
129235174
129217807
129217527
129232677
129230747
129226864
129228440
129226559
129226969
129226518
129226695
129219767
129220303
129222735
129220020
129226625
129226943
129233702
129218238
129215997
129227715
129216252
129226273
129230752
129220397
129223329
129222854
129221201
129224094
129231587
129219743
129230345
129229392
129219045
129222140
129226555
129218559
129219216
129229719
129234419
129233795
129229303
129235298
129222843
129234026
129227680
129220629
129224736
129220326
129217820
129216954
129230607
129230606
129230714
129235228
129222266
129216732
129231675
129217806
129229580
129216775
129229729
129222617
129227627
129220837
129224310
129227670
129229639
129221461
129220697
129226588
129229368
129222148
129226052
129221160
129220591
129220088
129220086
129232107
129224401
129230020
129235118
129235119
129225121
129230489
129221385
129234535
129220483
129222427
129230581
129223039
129222314
129225909
129218438
129227274
129224520
129218905
129235311
129221859
129233937
129223033
129217300
129223895
129221321
129228728
129224459
129228491
129222330
129226848
129234306
129216165
129216945
129227759
129226603
129233345
129222110
129221071
129218050
129222716
129227441
129217473
129229374
129232597
129234180
129221128
129221489
129230710
129223796
129230216
129223979
129227843
129224526
129232825
129218531
129216901
129234175
129225978
129218786
129224890
129227730
129219929
129235090
129222225
129225763
129229204
129218148
129227526
129234609
129229880
129220553
129228116
129222091
129220661
129219998
129218482
129216213
129226065
129232075
129227297
129224898
129227923
129221358
129229971
129231353
129220539
129229791
129216319
129231576
129229459
129222080
129231314
129230370
129224049
129234435
129216965
129221639
129218504
129216159
129231225
129221147
129219749
129218272
129223229
129225970
129224760
129216368
129217746
129222107
129223447
129229887
129221995
129227265
129229304
129224810
129229561
129223980
129222357
129224557
129222649
129223275
129229575
129216155
129227472
129220007
129228295
129232784
129232083
129221441
129227303
129219975
129219977
129227295
129220135
129222138
129218979
129224173
129227522
129217593
129225139
129219933
129231267
129221107
129234488
129227017
129230722
129221265
129228096
129228290
129226305
129219737
129222588
129235231
129229634
129225952
129234615
129225587
129224372
129224454
129235160
129217377
129228184
129221100
129232115
129227160
129220379
129219316
129220994
129221272
129227551
129216908
129229282
129217786
129221525
129231286
129224830
129224668
129224069
129219764
129222987
129220085
129235272
129229952
129231582
129218507
129216946
129228557
129229821
129224596
129220821
129227685
129219342
129225261
129222542
129218548
129223317
129225898
129229982
129215991
129219653
129233970
129228484
129229925
129222597
129224151
129220377
129215983
129223753
129234679
129225282
129227064
129222067
129223821
129226674
129219960
129225667
129225238
129225613
129216441
129223483
129234481
129216110
129216111
129220857
129231760
129221501
129226581
129216582
129221985
129232568
129230090
129222535
129230200
129220228
129219948
129232132
129230625
129224498
129229238
129222690
129226094
129220648
129227382
129233908
129222850
129227245
129226387
129219777
129224667
129224670
129229630
129230571
129222461
129231611
129221977
129222520
129228006
129223374
129222285
129224024
129225784
129226295
129219919
129222973
129234395
129220310
129225838
129234388
129224455
129225101
129234415
129221283
129227459
129216090
129218127
129233745
129220603
129216941
129218491
129233015
129220982
129220707
129234315
129226728
129227316
129225900
129224116
129233035
129216082
129224118
129229562
129224468
129230423
129225593
129225592
129229946
129229528
129224328
129224660
129229589
129229674
129216980
129225874
129220269
129227506
129225303
129219969
129216504
129231409
129229507
129231272
129220501
129216929
129219671
129233658
129233408
129217361
129222940
129229989
129217301
129233422
129224307
129228646
129225732
129228182
129225919
129217405
129226932
129217288
129217289
129226497
129222991
129228186
129229218
129235126
129225680
129225920
129231666
129217155
129216396
129233277
129230610
129220244
129226319
129226564
129228211
129228180
129234647
129216649
129216064
129217114
129224060
129224059
129224337
129229462
129226418
129231281
129216029
129217174
129226631
129221949
129220047
129219879
129216240
129229337
129220917
129219138
129221155
129216187
129227202
129227594
129224541
129230693
129230261
129230692
129216060
129231222
129233355
129221407
129224148
129216055
129220117
129219787
129224610
129229652
129228232
129225532
129227480
129216873
129222772
129232334
129225885
129231376
129220219
129220359
129229848
129222087
129234486
129218196
129229638
129220936
129224522
129217580
129217177
129227618
129227834
129227546
129227445
129227279
129224657
129216057
129230356
129216642
129227824
129218055
129229415
129226444
129221876
129219756
129220456
129227736
129220497
129223854
129217215
129220464
129222005
129220072
129216430
129224839
129218049
129229805
129220828
129231218
129224796
129217496
129222647
129224548
129224046
129230048
129216442
129220764
129228025
129216074
129234167
129231384
129229873
129220289
129218672
129223204
129223205
129228572
129227712
129217284
129219335
129220741
129219758
129230983
129230984
129216940
129226083
129226780
129223938
129222308
129234413
129224115
129223749
129228041
129229460
129230604
129228389
129233536
129225552
129229728
129222065
129227566
129221594
129224662
129225867
129232480
129224027
129218147
129224428
129224698
129224553
129224111
129224430
129224409
129226104
129221206
129226077
129223133
129231441
129222534
129218398
129232827
129220583
129225913
129232483
129218569
129223735
129222193
129217638
129234650
129222497
129225306
129231429
129230600
129224304
129219650
129234512
129217227
129225512
129225759
129233237
129224404
129218612
129234459
129234259
129224803
129233173
129228100
129217359
129218276
129217926
129224378
129216378
129224119
129220437
129229326
129233150
129220339
129217556
129226806
129232433
129224240
129220337
129224349
129216351
129217100
129219017
129218986
129230465
129226375
129217626
129224036
129222241
129224009
129224276
129234468
129229847
129225878
129226297
129217565
129229872
129216103
129218604
129228475
129218953
129219716
129219717
129217350
129217293
129217129
129218468
129229455
129228500
129227051
129228130
129216195
129224463
129225905
129221200
129228114
129232752
129218457
129234436
129225286
129228593
129225126
129224572
129229235
129216680
129227562
129234574
129220336
129226923
129231803
129224299
129224155
129233764
129220293
129229402
129218588
129224763
129231579
129220394
129230739
129234572
129219676
129230034
129225565
129233744
129226431
129220527
129224225
129225144
129224915
129221626
129232798
129223816
129221157
129227362
129222334
129224979
129229758
129229647
129220996
129229590
129230046
129235330
129216888
129229694
129232813
129233808
129229510
129224537
129223311
129222061
129225849
129231562
129219378
129227483
129228603
129220585
129229222
129230645
129217554
129220035
129216347
129218840
129225077
129221612
129218245
129231091
129216960
129224473
129224097
129226311
129231421
129224663
129225116
129220112
129234598
129223427
129224042
129235277
129229548
129227744
129227586
129220609
129221279
129227980
129217673
129230727
129233023
129224568
129227632
129218522
129218521
129216247
129216246
129223613
129225510
129217655
129216792
129217376
129224255
129227186
129234669
129226064
