129223414
129233029
129223855
129224124
129233722
129219997
129217484
129232054
129224318
129233468
129216031
129225508
129225678
129222721
129226909
129221297
129233934
129227929
129220152
129223291
129221213
129231234
129217411
129223910
129217425
129235158
129231500
129228303
129222813
129224333
129231268
129216428
129222133
129219847
129220842
129222398
129219465
129224072
129216462
129229427
129234561
129222048
129229211
129229624
129229267
129219893
129219385
129232144
129216100
129234301
129225058
129232662
129228048
129216817
129216273
129217700
129218678
129221866
129226069
129225994
129228045
129225908
129218407
129216282
129222088
129217509
129217585
129222387
129223994
129227485
129228510
129230733
129222157
129230743
129217612
129232138
129218089
129226673
129222802
129218046
129227580
129219315
129221114
129230982
129222429
129226818
129222847
129218598
129228054
129229857
129235254
129222583
129224638
129220147
129228083
129226367
129232837
129220950
129219747
129218136
129217616
129224434
129231328
129226601
129222008
129230509
129229653
129217711
129217648
129221404
129225797
129225048
129223070
129222042
129233526
129227998
129226528
129224852
129222232
129225174
129220705
129231883
129229529
129224238
129224429
129232073
129228026
129229807
129219726
129223445
129234251
129226823
129230822
129224222
129222006
129234502
129225975
129222752
129229261
129224569
129221388
129228213
129226014
129227654
129224639
129226164
129229613
129232248
129231129
129220367
129218680
129232724
129226679
129217459
129219392
129224237
129222092
129229321
129226202
129222392
129224201
129225245
129216466
129216246
129216247
129220369
129232401
129218017
129227032
129221162
129226405
129225576
129231768
129229540
129217051
129221955
129217194
129226030
129225547
129221853
129222207
129233311
129230981
129225554
129216891
129220159
129219898
129220506
129231427
129219160
129233334
129222612
129235178
129217662
129222627
129232587
129218692
129221181
129231869
129219901
129220149
129229209
129216706
129218995
129228216
129219761
129223233
129225190
129220236
129228040
129223015
129221820
129217242
129234573
129230697
129227106
129224408
129225595
129229251
129221398
129227044
129230566
129220186
129229730
129230599
129229740
129230719
129229378
129226595
129217666
129221524
129219716
129219717
129219286
129229243
129231561
129229274
129220252
129233289
129220281
129229344
129235186
129225884
129228402
129221336
129226622
129225499
129218765
129216973
129231478
129222939
129222954
129222113
129219327
129229687
129227326
129235195
129216177
129232431
129225631
129221318
129220246
129222856
129219734
129230062
129231406
129216748
129225693
129220514
129217002
129223939
129223846
129226111
129224581
129216083
129224637
129232337
129234192
129219697
129227645
129230649
129227253
129217400
129229556
129225691
129232779
129233017
129234222
129216223
129229382
129224327
129229836
129224096
129221631
129234387
129234205
129222786
129221880
129220328
129230514
129217037
129217035
129225155
129225772
129229664
129220948
129223843
129230432
129220712
129222281
129231342
129223337
129223661
129235183
129226563
129234551
129225896
129223972
129229697
129218389
129234631
129217543
129229247
129226671
129224528
129219841
129218554
129223940
129227735
129230684
129217312
129229328
129223093
129225760
129222807
129225657
129226356
129219945
129223736
129224496
129230255
129228234
129220523
129226015
129221904
129216124
129221581
129229537
129227603
129227815
129231586
129232822
129217771
129224642
129224265
129228628
129225789
129225638
129219897
129219274
129219456
129226958
129233447
129228030
129228600
129229591
129220321
129220715
129222465
129224719
129216754
129222819
129227749
129234223
129234449
129230806
129228205
129218756
129231257
129217705
129223896
129229534
129219828
129219703
129218115
129229867
129229474
129230490
129233746
129233668
129232093
129222160
129232430
129217335
129225149
129220871
129226009
129235329
129223439
129223438
129229570
129222643
129234244
129230441
129232346
129228677
129230748
129222130
129225315
129230650
129227642
129222769
129231265
129229516
129233803
129221986
129220805
129220177
129227496
129227412
129224341
129227244
129228606
129216175
129222781
129230619
129224121
129231278
129234625
129220200
129229860
129220425
129225591
129235320
129231522
129225943
129225944
129234177
129224113
129225073
129227396
129218209
129228069
129224990
129221954
129225798
129222213
129221939
129229387
129223852
129220151
129227540
129220658
129231311
129227763
129228293
129234290
129223368
129219658
129227835
129223543
129226618
129231845
129217562
129232820
129217371
129234149
129225807
129229890
129230682
129229907
129219340
129228654
129232451
129220755
129216033
129223734
129219185
129219892
129233199
129231570
129221605
129227846
129216909
129231592
129219015
129232127
129222322
129221004
129220308
129226216
129226057
129218525
