129217362
129227961
129222738
129216356
129226755
129226301
129226451
129225899
129217716
129220406
129217021
129220710
129230172
129229682
129220240
129220023
129225262
129228713
129224200
129220273
129231150
129228110
129227875
129224085
129234378
129229511
129228219
129224371
129235162
129234236
129234603
129222514
129226337
129219694
129220138
129228518
129226587
129218691
129231745
129230270
129219795
129219805
129230271
129231094
129221024
129235004
129227059
129220427
129228628
129222615
129234579
129229248
129228687
129222336
129221993
129223346
129223884
129226414
129230682
129229907
129223840
129226612
129231267
129216208
129230458
129227742
129232560
129226290
129220784
129227562
129221278
129228677
129216903
129216995
129217262
129229458
129233289
129230095
129232446
129229752
129220871
129226009
129226426
129234629
129221433
129235185
129233368
129222881
129220862
129220397
129220414
129223914
129217085
129225948
129234477
129229480
129218488
129227063
129233113
129227294
129219357
129225554
129230589
129217183
129227885
129226716
129231211
129234268
129223396
129227642
129227486
129223115
129218026
129227452
129217674
129219708
129225785
129217360
129227050
129218351
129224513
129218598
129217214
129220384
129224117
129219744
129231000
129229265
129216097
129220814
129224761
129227817
129220853
129235158
129229524
129233412
129221427
129227369
129226132
129224036
129217689
129233811
129216174
129226015
129219436
129222231
129221357
129233789
129217648
129216189
129234460
129220376
129234120
129232233
129216473
129226563
129222334
129222528
129220816
129227246
129235139
129225586
129228520
129229404
129223374
129222285
129224911
129234249
129235273
129223959
129229230
129223835
129225831
129231138
129217616
129218200
129221957
129230675
129228604
129232520
129228183
129230192
129232422
129224847
129225680
129218705
129225726
129226269
129217130
129217131
129217770
129229645
129229331
129224651
129228727
129227981
129233063
129224835
129223881
129228553
129224523
129220954
129224925
129223337
129224485
129219813
129229281
129226002
129226003
129221296
129217740
129228084
129227779
129225517
129220198
129229274
129216415
129230700
129229450
129228081
129233711
129225265
129227700
129229636
129235267
129222369
129221395
129220964
129221861
129225185
129224586
129217041
129224915
129232453
129229581
129231482
129229213
129220666
129234429
129228729
129235317
129231785
129231778
129227046
129217304
129224170
129217084
129224610
129227698
129226027
129224041
129232151
129218610
129234147
129228367
129220609
129229697
129224533
129221519
129228573
129227568
129227569
129224029
129218993
129218994
129222069
129230150
129230288
129218802
129218242
129227934
129220004
129226806
129219463
129229255
129222489
129235091
129226559
129226969
129225584
129216310
129223729
129216828
129217703
129222096
129223378
129216431
129231251
129222058
129230088
129222937
129232055
129228472
129227846
129234160
129229249
129218136
129229411
129229300
129229575
129226069
129225994
129230790
129222539
129221471
129224719
129221377
129216923
129234017
129229894
129229518
129231911
129228435
129216933
129227298
129219827
129220539
129218407
129227434
129217450
129216149
129234083
129229253
129224949
129216990
129224667
129224670
129232534
129222005
129220821
129222170
129234212
129224364
129233970
129223940
129217728
129230641
129224488
129217338
129224909
129224077
129221925
129231783
129216645
129217463
129222287
129234121
129227628
129235282
129217196
129230571
129229413
129234245
129219676
129227478
129222882
129217573
129216050
129231229
129222208
129224324
129229955
129226526
129229616
129222828
129234620
129221218
129224446
129224445
129221569
129221567
129223135
129223136
129225114
129229837
129220056
129216079
129230160
129231679
129225829
129227969
129221907
129216870
129217265
129224619
129217000
129220038
129218525
129223408
129218059
129235286
129231405
129216083
129222341
129225034
129222794
129231289
129227292
129225286
129221945
129218546
129220685
129227313
129224260
129222934
129227440
129234642
129227436
129222127
129224979
129217242
129231552
129216849
129233117
129221351
129216913
129225023
129219300
129220437
129219728
129228574
129227418
129220407
129221174
129218312
129234118
129226471
129235101
129217069
129218512
129217092
129218464
129227657
