129230239
129227961
129217522
129220710
129230172
129229682
129225876
129225875
129226513
129227704
129218263
129228219
129226060
129226061
129226993
129226433
129222514
129220138
129228518
129235004
129222567
129224118
129222798
129234579
129222527
129219428
129229382
129224327
129226290
129219697
129225751
129217797
129222820
129230095
129216475
129220151
129221409
129219754
129233368
129225281
129232161
129227063
129233113
129234268
129225528
129227580
129225817
129221386
129221542
129219015
129226096
129224513
129219744
129229265
129225573
129216097
129220814
129224761
129231502
129219724
129230566
129216024
129218509
129222528
129220816
129221977
129228520
129229404
129220260
129216206
129235273
129224334
129216811
129218200
129229768
129228183
129224847
129225726
129218471
129216535
129218892
129225707
129226002
129226003
129221296
129231035
129231318
129226262
129222369
129220967
129225073
129231785
129217304
129224170
129219825
129226092
129229627
129224434
129231328
129227573
129220004
129225584
129232815
129221489
129223378
129231251
129231424
129229249
129222679
129222539
129227708
129217496
129230200
129221953
129225556
129222170
129234212
129224364
129223331
129216091
129232593
129218678
129234121
129224151
129222469
129225847
129235276
129222882
129217664
129221550
129221581
129220303
129217376
129225114
129233107
129231679
129216698
129222786
129222117
129220142
129224115
129222991
129217204
129232842
129231553
129221617
129229252
129229387
129225138
129221334
129225034
129226932
129226499
129220124
129218554
129222582
129218522
129218521
129225655
129216849
129231607
129216485
129229864
129226471
129221096