129222158
129218529
129222307
129225153
129221595
129217155
129216396
129225667
129218604
129229336
129224857
129222188
129224581
129217093
129231222
129216471
129225819
129227763
129216973
129220713
129234497
129235137
129230467
129226787
129222786
129229976
129225258
129230625
129229654
129225679
129222845
129225315
129230423
129223310
129229613
129235284
129229372
129224393
129221513
129224423
129220888
129235090
129224046
129230075
129226622
129225499
129222988
129234431
129233322
129219349
129222987
129215997
129233933
129217421
129223196
129227819
129229687
129222265
129224542
129223908
129221488
129224852
129225587
129225848
129224100
129223439
129223438
129229839
129224618
129227675
129226444
129233237
129221928
129231500
129230726
129220007
129233808
129229510
129219045
129217613
129225843
129225755
129227846
129217180
129219946
129218678
129220252
129230068
129220284
129223333
129227488
129224173
129222281
129226499
129227849
129222363
129224452
129224223
129222780
129217310
129220369
129226289
129220302
129229413
129229402
129226695
129226470
129221864
129216041
129217078
129217079
129227023
129226220
129222900
129235189
129224276
129224150
129225807
129227565
129226387
129222924
129227661
129225525
129226211
129231802
129217098
129224441
129223866
129216240
129228500
129226680
129219315
129224392
129219752
129218406
129226728
129221123
129219823
129216102
129227733
129219777
129223910
129219960
129232115
129226967
129220664
129221266
129233241
129229383
129220821
129221920
129227447
129216114
129221435
129216941
129222649
129230678
129216870
129220335
129217472
129225943
129225944
129225612
129224141
129225613
129229381
129218457
129225519
129234018
129216909
129231665
129221142
129219085
129235153
129233781
129218349
129220281
129225828
129226236
129220547
129235293
129222826
129224096
129220006
129217209
129216441
129217531
129227775
129234239
129223862
129226593
129225937
129220299
129220298
129221525
129216200
129228234
129226864
129230962
129231217
129228098
129216901
129226409
129224304
129227734
129232779
129221500
129224771
129223994
129224229
129227668
129220198
129235266
129226390
129228574
129233199
129223989
129221260
129234423
129222848
129223427
129224533
129227583
129224576
129220195
129234429
129221629
129220383
129223960
129224425
129220208
129221755
129224914
129222065
129227519
129230640
129231755
129220225
129227037
129225649
129229891
129223351
129225885
129217711
129219922
129225138
129215998
129222820
129232054
129224318
129224964
129225598
129224374
129224813
129223865
129217665
129220377
129231529
129231181
129229545
129230671
129224947
129218511
129230748
129221504
129231267
129227731
129227742
129222619
129217400
129228281
129217734
129225716
129217597
129224118
129224705
129225533
129228081
129233711
129233512
129218049
129229848
129222027
129226523
129226222
129232493
129231296
129233469
129235278
129231369
129222291
129233313
129220332
129229725
129229294
129222556
129219268
129221169
129219987
129233479
129233478
129229587
129234595
129232819
129223982
129224518
129218765
129229766
129220287
129217440
129220227
129234197
129219164
129235192
129230514
129234642
129226607
129225980
129222293
129218819
129222181
129227564
129235170
129226322
129226321
129226521
129226578
129226493
129221605
129222141
129222819
129225210
129231706
129234598
129224230
129218509
129217571
129227362
129233271
129219787
129226913
129229215
129223925
129216940
129221100
129228463
129228462
129227843
129223938
129227720
129218312
129228232
129225229
129216862
129221851
129223404
129231768
129217051
129227485
129222444
129223422
129216414
129231207
129234660
129230489
129224530
129217217
129218659
129222427
129233668
129232093
129234237
129230580
129222055
129233656
129224592
129230733
129218612
129222395
129227292
129229570
129227602
129218257
129225734
129217443
129219278
129227663
129228029
129222608
129223613
129220047
129229261
129231275
129222099
129220386
129224119
129219419
129218644
129227239
129218223
129231803
129230441
129229639
129226645
129219452
129217337
129229622
129218263
129229351
129232136
129230975
129232083
129216817
129216273
129218619
129229957
129226999
129231542
129216997
129223397
129228709
129220249
129222335
129231386
129231845
129231876
129225846
129229548
129228262
129220741
129217738
129216954
129227357
129220749
129221939
129229781
129216175
129225800
129235291
129219456
129227031
129227368
129226665
129227010
129220033
129230679
129225884
129218892
129217657
129227998
129230358
129233750
129226050
129234236
129219316
129229416
129227235
129227645
129227040
129234477
129229480
129225158
129220346
129217064
129222063
129216071
129226238
129218169
129233040
129224001
129229873
129218986
129224120
129225633
129221876
129222111
129231259
129230445
129229827
129223424
129220146
129220170
129224692
129219392
129224420
129224514
129224217
129227054
129235149
129219884
129219610
129234471
129233369
129220892
129220285
129220883
129233367
129233371
129221094
129221090
129224344
129233370
129217819
129231349
129227418
129220051
129225097
129226605
129235297
129230599
129229740
129230719
129229378
129226434
129223015
129226631
129229847
129219195
129233430
129229946
129231355
129224666
129223409
129228371
129218456
129222339
129224641
129223193
129222524
129228628
129223940
129234530
129217029
129233746
129222329
129221396
129219693
129221283
129224309
129216411
129224328
129221311
129218411
129231376
129226273
129230874
129224027
129226477
129230707
129222638
129233527
129222042
129233526
129228298
129216215
129216604
129235180
129234663
129233683
129226035
129220306
129226532
129220085
129228484
129226548
129217746
129217543
129232127
129224221
129227562
129223734
129218017
129219306
129220959
129220464
129217623
129233937
129231666
129227275
129227360
129222701
129222138
129224142
129219764
129221617
129234636
129229997
129229998
129226194
129220523
129217731
129225122
129218449
129227373
129227303
129224730
129224101
129229529
129220128
129227923
129228142
129225112
129234669
129233455
129219146
129231513
129216206
129232340
129224051
129217425
129229930
129227670
129221419
129228719
129227848
129219658
129216135
129229344
129221043
129221379
129220871
129226009
129230579
129221489
129225048
129225528
129227274
129223900
129225891
129234601
129217666
129231204
129216153
129218504
129226923
129216430
129228606
129227377
129217766
129225524
129220805
129227580
129227934
129227454
129226047
129228389
129219697
129222789
129226324
129229614
129230569
129222296
129216158
129225008
129223952
129223767
129229610
129234263
129216100
129228104
129232578
129217446
129232433
129220594
129231674
129225867
129233743
129220996
129221219
129229366
129230048
129225775
129226442
129228168
129231223
129231507
129229986
129217006
129217637
129226663
129228242
129227263
129218629
129234675
129227987
129216281
129224629
129224338
129225246
129227522
129222735
129231636
129217648
129228572
129227712
129219907
129226789
129224660
129219975
129219977
129220870
129221279
129220842
129228402
129223864
129218692
129222881
129230641
129227815
129221449
129231247
129231246
129227225
129232958
129223000
129216051
129216569
129228711
129235276
129223945
129217620
129225616
129223926
129217436
129220319
129234134
129216570
129224540
129223972
129235031
129217926
129235309
129235310
129225908
129222267
129217653
129216735
129232318
129227349
129220648
129233677
129219185
129234183
129220244
129221102
129234120
129227739
129234279
129235118
129235119
129223761
129222145
129225715
129225703
129217151
129229868
129231408
129227511
129234414
129228267
129224341
129219998
129222991
129234441
129220539
129222241
129225508
129235150
129234593
129225566
129216344
129232252
129226516
129219342
129216165
129221581
129224049
129221549
129217212
129227370
129225073
129224812
129220437
129220152
129217374
129221858
129225982
129231433
129222233
129234391
129227236
129221511
129234149
129223229
129220260
129219395
129231384
129228646
129225712
129234162
129227929
129216213
129231437
129229243
129222314
129221390
129221938
129218148
129226081
129216913
129227980
129235085
129224097
129232431
129234524
129229456
129225623
129217635
129222308
129220171
129222098
129226088
129225700
129219299
129218530
129225307
129217220
129224715
129225965
129221354
129218115
129220178
129222059
129215983
129218802
129218497
129217719
129233250
129218481
129219716
129219717
129233571
129221024
129217061
129231307
129222271
129234594
129233015
129217145
129223162
129222140
129222186
129222214
129225844
129220732
129234653
129233858
129226575
129223101
129223821
129223859
129221884
129217318
129217037
129217035
129227231
129224569
129229566
129227353
129230642
129216473
129222270
129216205
129222692
129234185
129222008
129221573
129230610
129220289
129227053
129234415
129217290
129224977
129231476
129222380
129230715
129227684
129234128
129223021
129234672
129229560
129232798
129220456
129217633
129217305
129225576
129226962
129230806
129231082
129230160
129231091
129228237
129234608
129216075
129220280
129217368
129230749
129226468
129227316
129224883
129221985
129222612
129229801
129222594
129220722
129220203
129219754
129225811
129220375
129229426
129227484
129224257
129219894
129220569
129235122
129222554
129232624
129232261
129233873
129224195
129228355
129229965
129223904
129218979
129227669
129222734
129224763
129229624
129216092
129229209
129222088
129225763
129231650
129230157
129224856
129222034
129223891
129218687
129224151
129228249
129234688
129218154
129228226
129224082
129224104
129234625
129228037
129220524
129223168
129225656
129229574
129218455
129235255
129223861
129221406
129217036
129232165
129216883
129227560
129218571
129220582
129221356
129218422
129232476
129229925
129225733
129220151
129232139
129228311
129222009
129217002
129218103
129231178
129217158
129229393
129225693
129232649
129234392
129222173
129216967
129225273
129229496
129233043
129224227
129219327
129216871
129229436
129220110
129233295
129220292
129230177
129235318
129217184
129222295
129225874
129227555
129235186
129219624
129229398
129224568
129234541
129234581
129222752
129226561
129224765
129229365
129226101
129222120
129219969
129227221
129219999
129224454
129228635
129221612
129216120
129216643
129218462
129228644
129226082
129227785
129232806
129227880
129232911
129221316
129225868
129230694
129216196
129225340
129220312
129235330
129223133
129217049
129226039
129227540
129220257
129225532
129231478
129234131
129229867
129222342
129229705
129230604
129224993
129220384
129228227
129231286
129223779
129228263
129221895
129216466
129217704
129224699
129228157
129232097
129221440
129226127
129220473
129233218
129216093
129221542
129227697
129227758
129234650
129219843
129217114
129232733
129229453
129229397
129221947
129225978
129227749
129220954
129224979
129233722
129219997
129224500
129222793
129235181
129221069
129230023
129232638
129220414
129227584
129229645
129229331
129235124
129220551
129221526
129225918
129225655
129234647
129222645
129229821
129227623
129234175
129220039
129220344
129219730
129225824
129227613
129228333
129234204
129229872
129223429
129219440
129225620
129229950
129231872
129230619
129228139
129216517
129216018
129225789
129225638
129227671
129221408
129220499
129233568
129216063
129233536
129224796
129222740
129234292
129216988
129227799
129223214
129234649
129231759
129219948
129224564
129219892
129224974
129223854
129231152
129227784
129224073
129229890
129217379
129226748
129220231
129224084
129231522
129225253
129217057
129226679
129234136
129224559
129224347
129218405
129222583
129226973
129227003
129230231
129231227
129217408
129227326
129224042
129224408
129224512
129226002
129226003
129233137
129217241
129230032
129217044
129221596
129221244
129228182
129225736
129216931
129219378
129229697
129220072
129229864
129217173
129217142
129224112
129231357
129224010
129224427
129229805
129220166
129217629
129225317
129231085
129226048
129220483
129223431
129225549
129217038
129227506
129216860
129217265
129224990
129221206
129234617
129216878
129220270
129230637
129224739
129220133
129221558
129222575
129230114
129224777
129222462
129222064
129230476
129230402
129235282
129233447
129228030
129235286
129223987
129220906
129231652
129229304
129217198
129229513
129222155
129227892
129227869
129229936
129232422
129235174
129217807
129225078
129218175
129221231
129222276
129220397
129222606
129231278
129218606
129224155
129217281
129216009
129218083
129217513
129229989
129223812
129222203
129225204
129229328
129222143
129229217
129228058
129230738
129223834
129224464
129229422
129230255
129220326
129219249
129218127
129231538
129223329
129222854
129230729
129225156
129217052
129230622
129227254
129228668
129234462
129229554
129224665
129216096
129217700
129224503
129233157
129222555
129221949
129232381
129223850
129217227
129228083
129227517
129217683
129220779
129220423
129230717
129231051
129220936
129225955
129226239
129219813
129234145
129231582
129219779
129221193
129228297
129229638
129227624
129229471
129229470
129217159
129222883
129224610
129231061
129234562
129229531
129229739
129225641
129234200
129221162
129222080
129225190
129231000
129235254
129220603
129221975
129225178
129222653
129235123
129220158
129218635
129217521
129222322
129224541
129220074
129221336
129233024
129234449
129234535
129234532
129233101
129220359
129230752
129219891
129227976
129231589
129226555
129224307
129231096
129224473
129220123
129229591
129231114
129217638
129228405
129220038
129220329
129218300
129224444
129224333
129229396
129223939
129217231
129224909
129226585
129217540
129227759
129232633
129234572
129227685
129224556
129227304
129225577
129223070
129232663
129221413
129233079
129235207
129220774
129222346
129221367
129221955
129218196
129233468
129222802
129226107
129222850
129223396
129221347
129224196
129224394
129222420
129217359
129219920
129232098
129216131
129226413
129232621
129220246
129222682
129221537
129232234
129221868
129217371
129217411
129226886
129220948
129222334
129221414
129220367
129216904
129223800
129216121
129230690
129220216
129226121
129217804
129223890
129223906
129225639
129226298
129228729
129220099
129221071
129230559
129217694
129220952
129221004
129227717
129219498
129229572
129224337
129229540
129216929
129220472
129222425
129229791
129224466
129216189
129220020
129229379
129234021
129227295
129226618
129229869
129216374
129233028
129217527
129227979
129218790
129227825
129227716
129229207
129218199
129224707
129224467
129226953
129223950
129224125
129223783
129234264
129227016
129225061
129227321
129216598
129225826
129233759
129228109
129222298
129225764
129227841
129225589
129225593
129225592
129231324
129222051
129219664
129231799
129229914
129226106
129223414
129217288
129217289
129231031
129218964
129222677
129230000
129221860
129227300
129217450
129230999
129223250
129217557
129221131
129220411
129224372
129230088
129226096
129229720
129229709
129229292
129220117
129226827
129217335
129216706
129219223
129219465
129230650
129233029
129230562
129225878
129226297
129230612
129232351
129224189
129224091
129216150
129225222
129217547
129228025
129219945
129225286
129232784
129220372
129216203
129219903
129222461
129220028
129226439
129228045
129224069
129229500
129226421
129216891
129217236
129232359
129221293
129227662
129216091
129229411
129217499
129223738
129226305
129218276
129219927
129225526
129229758
129223033
129229401
129216980
129232684
129216078
129224528
129225993
129222184
129218800
129225199
129223966
129220917
129222237
129222007
129216907
129233117
129224663
129225116
129234512
129217194
129223894
129232980
129220041
129223090
129219174
129222084
129227501
129231427
129223852
129223736
129227465
129216914
129224612
129227186
129230712
129230266
129227939
129231234
129221863
129219367
129229260
129227400
129226370
129221155
129217509
129227049
129225669
129225658
129222225
129230648
129233422
129222316
129216223
129232524
129234156
129227885
129218335
129218541
129216965
129231129
129223331
129222131
129229489
129223042
129222129
129218373
129225760
129227428
129231313
129228357
129221073
129221108
129227834
129227546
129227445
129227279
129221569
129221567
129222113
129228337
129221634
129227776
129221874
129222115
129220124
129220422
129230728
129234491
129225058
129234119
129221927
129223406
129220394
129231126
129229527
129229713
129219650
129234352
129216293
129235109
129235108
129234252
129228536
129224260
129232568
129216207
129222519
129232608
129227440
129226571
129219460
129232597
129226425
129229516
129228053
129221200
129228290
129222054
129227935
129217174
129222467
129224948
129216748
129219835
129232140
129222520
129219653
129232459
129219424
129216986
129234244
129234494
129235308
129218680
129234574
129234561
129216994
129235092
129217554
129229410
129218408
129225909
129224115
129223411
129227409
129233128
129220847
129222577
129228210
129228212
129231173
129224667
129224670
129220027
129220553
129222939
129225607
129225285
129224501
129221519
129216807
129219000
129227677
129227551
129232401
129218691
129217433
129225777
129222041
129225388
129226378
129230635
129225657
129230236
129230665
129227338
129227348
129225143
129229455
129223735
129229729
129225126
129230486
129232801
129219702
129221999
129229350
129217339
129217563
129224972
129222215
129220205
129228257
129222355
129225304
129227436
129222013
129217140
129218039
129225530
129225324
129216047
129218995
129221626
129220219
129224054
129220305
129225919
129225721
129227271
129224246
129219984
129219986
129224287
129218333
129223430
129225757
129224147
129225873
129229395
129228130
129229319
129228096
129235232
129222627
129222223
129222777
129221353
129222795
129227482
129219642
129221342
129232527
129225301
129228564
129221820
129234207
129225102
129230046
129228399
129231775
129225085
129217295
129222212
129225906
129224237
129218756
129226559
129226969
129216462
129231543
129234103
129226046
129220390
129232514
129230356
129229557
129218064
129233582
129230822
129232722
129216625
129224279
129232728
129234615
129221218
129229284
129229650
129228727
129218555
129226599
129223980
129218347
129224020
129227064
129221994
129234459
129218243
129226105
129233103
129216851
129228557
129222465
129222455
129232796
129229532
129229627
129221914
129234396
129228106
129226338
129216319
129216880
129224019
129228581
129229664
129222029
129224485
129231268
129222641
129225659
129221307
129218588
129230621
129229860
129227329
129227830
129235272
129221233
129222204
129225068
129222262
129234167
129216027
129216029
129220194
129217673
129233945
129230043
129232553
129224061
129220339
129223142
129232487
129231501
129229507
129222292
129219878
129227378
129225094
129222748
129222128
129217664
129218672
129225761
129221127
129225231
129234312
129226221
129226243
129215999
129218525
129226932
129221097
129223421
129223291
129229583
129228552
129229463
129216083
129229334
129225179
129221893
129234458
129224579
129219736
129219847
129218407
129223311
129222061
129221453
129233277
129230102
129224009
129224522
129229556
129224774
129220081
129224064
129222590
129224619
129216934
129216015
129223340
129230055
129227904
129229829
129218389
129230165
129216972
129221117
129217274
129231873
129221952
129234554
129231592
129225420
129221616
129217230
129225198
129229281
129230473
129229286
129224296
129227018
129230624
129224496
129228040
129234573
129216248
129218653
129219455
129227369
129234315
129222716
129224548
129220342
129230369
129229359
129231353
129219385
129218184
129225630
129217054
129217762
129231145
129219723
129221594
129232399
129228710
129227423
129221058
129219436
129222231
129216284
129218123
129223039
129220685
129223368
129223935
129222132
129230607
129227324
129234518
129222800
129222022
129233918
129225902
129222500
129221425
129222442
129226503
129224222
129231260
129234398
129216963
129226064
129231063
129227386
129229800
129222266
129229949
129223085
129234099
129231611
129219827
129221373
129230028
129229562
129223447
129225931
129231148
129224719
129229522
129231302
129234434
129216060
129218458
129220443
129219344
129231265
129226388
129221766
129224400
129224757
129223753
129216852
129217347
129222287
129217486
129224080
129229674
129223846
129218982
129218980
129221597
129225833
129233376
129217234
129220053
129232364
129229999
129218620
129232724
129230600
129222294
129234033
129221157
129230576
129220308
129224543
129216020
129226784
129222825
129225643
129217805
129229896
129227233
129225709
129216252
129220371
129228313
129226539
129217218
129228114
129232752
129224760
129216368
129233394
129225261
129224428
129224698
129224553
129224111
129224430
129224409
129223936
129219993
129219786
129221189
129234583
129221533
129218554
129222040
129223813
129233491
129234406
129233745
129217820
129229353
129221251
129220238
129225628
129224024
129229465
129235237
129226332
129218116
129226356
129227735
129232346
129217391
129220215
129229789
129230710
129227095
129232274
129221613
129225551
129216960
129216785
129227829
129217300
129228261
129219279
129221583
129225707
129235223
129228211
129228180
129217387
129218483
129226424
129231960
129217056
129229689
129234603
129229653
129228213
129234520
129224178
129224188
129222116
129230233
129228026
129221268
129222127
129224839
129226818
129230660
129230105
129216732
129229619
129217546
129220323
129220477
129225681
129220269
129224255
129222213
129221639
129225055
129228327
129233006
129234570
129216991
129227277
129224140
129218949
129231236
129218113
129220503
129222383
129222226
129224250
129224268
129230070
129230693
129230261
129230692
129220829
129219810
129231005
129224139
129216257
129229588
129220095
129220301
129225169
129231588
129221593
129232066
129223720
129229278
129225306
129225115
129232557
129223086
129224586
129218705
129229427
129233739
129225697
129220535
129220893
129218379
129233311
129231272
129231428
129220387
129220245
129233317
129229474
129219900
129218431
129229630
129227530
129217691
129227246
129234607
129225974
129224590
129221172
129227410
129222640
129222542
129229360
129218684
129232079
129233429
129227458
129223423
129218569
129226732
129216306
129223740
129225631
129222665
129219228
129234552
129234400
129227889
129223204
129223205
129232144
129223914
129231138
129229959
129224063
129222006
129221904
129222174
129222496
129216838
129216813
129218330
129222360
129217107
129217456
129229439
129234522
129217084
129227483
129228603
129233289
129227272
129226104
129234515
129229604
129234308
129220857
129221250
129223892
129217193
129217043
129226085
129217574
129228092
129223358
129231885
129228038
129218394
129217485
129225594
129224371
129224520
129232842
129227249
129218773
129224037
129230076
129233658
129233408
129230184
129221514
129224728
129220186
129217053
129216969
129222772
129227632
129229477
129228269
129227766
129220465
129229222
129226103
129230663
129235299
129224582
129221524
129233919
129229287
129229748
129227313
129216057
129227922
129226431
129225038
129225608
129229242
129230456
129227297
129222469
129223223
129223306
129230695
129217204
129223355
129229922
129234502
129228677
129225064
129225622
129220814
129220126
129235172
129227955
129217529
129227699
129217199
129227335
129217595
129216195
129234486
129217085
129231211
129225668
129234577
129215985
129229862
129216716
129225201
129220837
129225794
129218546
129226414
129216354
129231575
129224412
129216792
129224002
129225302
129217202
129231314
129228295
129225799
129216007
129232334
129222353
129222207
129233355
129221407
129227472
129218417
129218459
129221107
129217580
129223763
129223661
129219676
129222325
129216230
129226945
129218522
129218521
129228201
129220303
129234435
129216918
129230727
129220189
129223360
129222124
129223963
129227486
129223764
129217771
129231456
129224086
129228006
129219646
129229355
129216387
129230062
129224596
129220468
129230084
129218208
129220187
129220188
129227476
129219274
129216212
129233910
129216026
129227695
129218364
129229462
129235227
129216448
129229537
129231426
129224552
129221137
129230566
129227504
129218618
129227635
129226202
129225913
129226823
129217511
129217510
129227596
129219850
129218027
129224681
129233803
129223747
129230577
129225618
129221901
129221707
129229644
129223226
129220609
129217059
129225134
129218216
129226588
129221364
129221473
129218662
129226491
129221903
129225230
129224930
129224463
129216437
129216090
129217689
129226508
129226526
129221405
129216076
129218439
129220220
129226793
129234223
129217294
129229880
129224052
129226916
129217585
129230020
129229408
129216299
129223886
129228235
129233022
129220321
129220715
129221388
129230982
129230974
129224310
129228575
129218377
129221631
129219790
129220182
129224537
129217030
129220591
129231505
129219251
129224697
129234627
129232107
129227309
129231441
129221386
129233107
129226549
129227382
129229702
129221600
129233296
129231410
129216887
129228113
129224116
129233035
129228354
129216378
129230636
129229212
129222953
129222656
129217581
129234407
129223802
129225713
129225714
129221128
129216899
129224031
129229620
129229279
129229280
129231394
129226629
129229575
129216698
129227499
129216288
129216292
129230682
129229907
129217358
129222392
129227364
129221461
129221640
129224225
129231847
129222529
129235298
129221318
129235244
129222119
129222589
129218498
129231340
129220442
129227278
129222100
129232138
129234265
129221523
129227676
129218198
129223483
129227719
129232051
129227383
129227496
129230649
129228140
129225184
129224036
129229282
129224439
129231016
129230629
129226455
129230571
129219214
129222535
129228445
129225290
129220343
129218111
129220527
129234115
129234116
129219828
129219691
129229382
129224327
129229894
129229518
129230458
129218953
129226116
129233900
129235100
129220950
129226579
129226381
129225682
129230162
129225101
129221334
129221921
129230581
129223954
129226193
129224060
129224059
129233564
129228318
129233774
129216082
129219734
129226327
129216943
129234648
129224121
129221148
129216952
129217742
129227405
129229203
129225832
129225831
129231722
129220455
129229775
129222224
129230333
129227512
129218564
129230042
129229386
129219381
129235148
129231270
129223806
129234440
129225611
129217205
129217576
129229291
129224380
129230530
129222209
129234098
129234026
129227680
129220629
129231570
129230848
129217676
129227032
129224736
129226164
129231257
129230594
129221322
129216283
129230920
129230090
129221377
129222192
129227805
129217688
129229321
129229246
129224611
129218517
129226405
129231579
129218363
129221995
129234259
129228550
129229504
129224560
129230606
129222847
129229615
129229561
129235106
129222386
129223907
129235321
129229431
129230052
129232407
129225235
129229374
129222032
129225512
129225759
129226566
129230591
129223913
129225265
129220259
129228598
129217086
129225280
129217242
129229501
129223962
129229728
129221880
129234122
129227253
129223841
129217197
129223737
129220389
129229512
129216169
129223066
129223069
129219290
129217128
129229289
129229910
129234432
129233694
129217484
129219965
129217385
129232677
129218209
129229884
129216932
129216937
129222156
129233020
129217175
129217468
129217593
129225139
129235194
129216050
129227875
129227247
129220514
129224898
129227842
129234411
129219666
129233802
129217412
129226931
129224187
129227744
129225772
129222415
129224841
129230739
129226135
129226115
129222834
129228119
129224838
129222030
129232132
129228387
129230586
129227594
129231851
129234780
129226008
129231048
129229400
129221048
129221871
129228041
129232811
129224686
129233345
129216235
129223436
129230509
129219821
129228189
129216442
129222284
129226019
129219015
129222023
129225173
129230981
129220730
129217103
129220536
129229969
129225950
129225740
129220526
129229694
129216055
129217439
129234439
129220500
129224201
129234427
129220460
129219800
129221493
129220355
129227745
129217266
129221095
129222169
129229730
129223317
129220255
129232593
129231471
129228172
129216504
129225282
129218015
129231586
129232822
129217770
129220242
129234067
129225569
129219108
129218723
129222657
129233360
129223178
129230419
129226925
129224109
129224106
129222785
129224526
129230983
129230984
129234307
129221359
129222643
129223408
129218059
129221478
129233168
129229415
129224072
129222873
129224498
129221886
129231504
129231568
129221550
129221465
129216103
129229602
129229521
129217473
129230104
129220915
129225522
129225552
129216225
129222086
129232825
129216232
129221623
129231455
129229220
129216155
129220353
129224637
129232337
129221592
129225817
129229807
129224958
129220088
129220086
129226415
129219454
129222695
129231281
129224000
129216340
129216989
129233718
129227878
129231383
129224315
129229447
129220630
129226893
129229385
129217257
129228554
129233741
129225796
129225750
129217732
129221294
129229753
129229563
129217619
129225547
129221586
129232082
129229230
129219282
129223928
129217329
129225748
129222217
129231675
129217806
129229580
129216775
129222133
129227478
129233158
129220348
129223842
129234480
129221967
129221270
129220275
129220381
129219626
129226112
129218463
129235086
129230736
129229874
129217489
129226453
129222843
129225732
129223822
129218559
129219216
129233045
129225053
129223388
129217551
129215991
129222642
129216985
129221300
129232612
129225636
129227352
129219758
129228048
129234635
129224585
129225505
129226637
129220650
129218820
129226601
129219298
129233935
129222679
129219897
129227051
129217496
129230639
129227441
129217250
129233788
129222033
129225678
129227692
129222617
129217273
129217272
129231550
129220705
129231883
129220159
129219898
129226185
129219343
129221337
129217568
129234388
129229755
129227439
129225898
129218398
129235178
129219761
129221940
129222816
129233764
129225123
129228079
129221470
129217106
129223855
129228101
129217016
129217088
129227824
129218055
129228346
129218189
129221574
129229696
129221859
129228309
129233744
129218507
129233511
129223964
129224028
129231827
129234250
129227459
129227802
129224114
129216855
129217797
129222102
129226336
129233533
129227030
129217541
129222112
129219964
129218632
129220163
129235218
129227682
129223983
129230714
129234182
129217143
129233007
129226422
129229893
129221622
129229768
129218905
129224405
129220697
129216193
129229387
129230980
129234501
129221188
129233173
129224128
129223315
129231760
129234482
129223071
129231480
129219286
129220097
129234628
129226581
129227559
129216850
129217729
129232623
129227537
129223446
129227480
129220250
129229297
129231758
129228593
129218539
129234015
129226057
129229843
129222275
129221609
129221608
129230277
129234686
129229367
129225238
129216828
129217703
129221149
129220755
129217075
129217122
129218578
129223951
129226052
129225133
129222389
129230220
129234222
129224041
129221345
129231342
129229857
129217786
129224321
129224022
129233671
129224936
129224209
129217301
129226206
129226204
129230978
129229668
129227245
129233786
129222626
129227574
129228579
129219901
129229235
129229443
129227318
129220310
129220838
129231607
129224803
129217542
129231147
129224387
129223843
129229312
129219670
129216990
129231600
129225274
129224942
129219962
129228696
129221327
129216975
129221185
129220800
129224383
129227412
129227466
129223742
129222035
129217216
129227728
129231397
129225591
129229326
129217460
129216351
129217100
129226076
129226000
129229451
129227642
129233970
129217312
129235289
129229293
129223896
129229283
129221165
129229952
129227587
129223979
129229577
129221349
129231594
129235183
129216177
129232075
129220501
129220218
129227618
129227463
129229955
129231419
129231241
129230519
129234192
129232688
129227160
129220379
129230462
129216928
129215993
129229301
129235195
129225916
129221585
129222087
129222882
129222311
129222630
129221584
129227654
129216044
129231585
129220202
129216897
129225305
129217367
129230643
129227106
129218983
129227533
129235329
129229652
129228069
129217296
129233915
129224626
129229670
129223275
129226459
129216733
129217330
129227317
129221963
129219684
129216188
129225106
129225107
129231576
129229459
129222206
129223233
129220008
129221404
129232575
129223269
129220160
129224429
129232233
129229777
129219871
129233742
129230240
129226190
129222189
129228216
129226504
129225573
129227063
129226018
129217334
129226944
129219160
129225881
129222831
129231429
129227503
129231219
129220978
129227581
129228293
129233026
129231279
129230936
129216503
129222862
129226500
129216888
129222071
129231835
129221273
129227487
129219959
129234253
129233702
129218238
129216956
129226848
129218156
129219722
129221547
129222148
129229330
129231301
129225303
129229571
129227576
129227025
129231553
129224103
129224006
129225661
129234269
129229640
129217315
129217314
129232777
129218179
129229448
129232658
129229460
129230605
129217284
129228686
129218494
129233134
129222388
129226569
129227627
129232820
129217361
129229433
129229247
129218084
129217186
129221213
129221950
129226671
129233936
129227425
129226716
129232813
129217572
129223858
129234631
129225900
129230538
129226854
129234606
129227813
129224486
129217693
129235158
129224075
129220313
129223867
129224455
129225653
129222508
129227726
129222001
129230010
129220982
129218570
129227435
129235238
129231561
129230370
129222117
129221956
129222157
129230434
129219318
129232483
129220378
129218598
129219817
129234604
129229213
129227981
129227586
129231761
129228382
129223068
129231774
129220550
129219215
129233725
129223973
129234489
129222783
129219659
129219919
129224549
129218158
129222178
129220132
129223895
129223098
129225692
129224892
129228031
129228473
129217602
129231144
129229267
129221671
129221358
129219725
129219648
129234551
129217066
129227999
129219197
129230061
129225023
129223804
129231289
129223999
129220035
129233967
129220029
129224578
129229573
129228266
129225144
129224915
129227781
129218649
129220746
129229252
129221265
129224384
129224385
129224572
129227730
129234549
129229852
129221427
129216537
129218287
129221561
129229369
129219138
129234548
129227244
129231464
129221215
129227363
129227727
129232744
129223798
129220148
129224603
129223059
129228396
129223440
129235126
129233245
129216084
129225436
129219680
129221232
129220967
129216741
129221245
129221582
129230735
129229568
129218372
129225973
129225149
129216754
129221602
129221310
129232646
129222582
129227067
129219935
129223872
129216012
129227887
129227729
129226065
129221072
129228385
129218670
129217270
129218993
129218994
129227736
129217565
129220508
129233105
129222005
129227811
129220647
129227751
129229937
129219974
129217005
129223343
129216945
129222647
129235133
129227985
129220489
129231201
129228089
129232559
129233570
129225676
129230505
129230035
129224159
129224124
129216266
129217414
129216159
129220994
129218016
129216786
129216250
129227469
129224988
129229285
129228184
129234342
129227599
129226673
129219889
129226452
129217626
129222205
129228306
129223828
129230432
129225121
129229923
129217655
129216736
129228308
129233727
129233715
129225894
129233139
129232232
129232236
129223140
129217280
129223149
129220984
129223215
129234246
129223897
129222014
129226528
129228475
129220147
129221484
129229300
129230704
129231574
129218605
129221907
129224639
129230074
129232128
129221164
129231860
129226079
129218643
129216081
129217091
129216859
129228094
129230790
129224269
129222107
129229298
129224177
129231406
129231212
129222706
129226015
129221452
129225710
129223448
129224558
129223787
129217667
129221418
129224094
129224806
129226418
129222872
129224661
129230687
129224446
129224445
129217458
129232788
129228303
129221836
129220502
129221398
129224638
129217343
129222708
129231445
129234526
129219910
129218346
129228369
129222722
129220585
129223284
129219184
129217470
129225523
129217135
129218151
129231225
129226674
129219679
129225170
129217467
129229444
129225295
129220407
129235160
129224148
129227614
129216866
129229647
129220149
129232810
129232441
129221428
129220417
129224465
129229589
129227057
129225093
129216582
129222406
129227059
129220972
129217757
129225910
129227230
129216239
129225520
129224034
129232480
129228073
129222068
129233229
129233966
129222021
129220425
129231150
129235311
129220084
129227639
129224404
129223380
129218052
129232451
129229482
129229481
129226028
129219302
129226625
129226943
129216234
129220642
129229528
129234488
129231610
129226476
129222280
129218945
129229377
129226519
129224158
129222661
129229204
129217090
129224502
129221181
129225645
129225687
129228044
129222105
129216944
129227836
129225770
129232357
129235323
129226909
129219841
129233059
129229558
129222315
129224713
129218502
129230675
129228466
129216282
129216599
129216597
129226735
129233388
129229823
129229913
129230077
129218136
129220429
129225798
129226037
129231812
129234413
129221481
129231705
129222337
129225003
129218695
129229804
129224265
129218131
129222397
129227314
129219237
129231833
129229327
129229274
129221321
129217177
129223948
129225260
129217192
129234410
129224722
129224723
129229735
129231750
129231587
129222075
129222357
129224283
129232446
129220496
129227545
129229675
129228600
129222321
129217539
129217672
129230633
129224597
129221653
129219340
129224724
129228268
129231443
129226565
129231453
129226038
129224197
129216908
129229238
129219705
129228612
129222160
129232430
129220240
129220023
129232454
129221958
129225662
129218089
129218219
129222058
129225883
129217168
129226293
129224434
129231328
129219972
129222130
129227797
129234468
129233161
129229251
129229631
129221015
129229836
129216392
129232345
129227798
129226612
129218482
129220902
129225308
129229425
129230116
129223791
129218272
129223816
129225806
129234211
129223400
129222016
129221412
129223915
129225617
129232192
129226154
129229567
129218245
129231285
129228247
129227737
129230034
129224678
129222974
129219243
129228367
129228491
129235208
129233181
129226603
129225882
129217795
129222048
129232505
129230008
129227588
129217612
129230047
129224577
129225223
129233737
129219983
129222451
129222717
129231311
129224135
129224165
129219713
129219712
129218654
129229595
129224117
129226030
129233375
129218259
129226034
129220268
129228569
129229332
129221560
129217662
129217072
129229680
129215988
129229231
129216267
129218234
129226639
129216645
129229856
129218409
129223920
129228282
129227288
129231218
129217520
129217631
129226375
129222331
129222070
129221951
129233266
129217616
129216110
129216111
129229307
129217716
129216544
129221182
129232675
129220207
129223374
129222285
129235091
129220217
129220125
129233398
129234187
129227044
129220742
129220971
129223883
129217148
129220105
129232327
129227394
129230422
129225836
129228051
129222072
129220712
129218414
129225769
129225792
129235249
129220135
129217031
129229469
129231332
129232463
129216873
129217004
129216591
129230743
129219352
129222028
129227764
129225252
129224113
129220541
129234154
129231409
129232843
129220451
129223342
129226077
129231274
129225896
129231878
129231877
129231552
129219728
129229926
129233908
129228604
129232520
129222003
129224330
129226950
129226518
129224491
129221869
129229499
129235038
129222101
129227526
129224848
129221856
129231250
129217146
129227566
129225292
129225975
129221120
129231944
129234645
129227603
129225970
129217291
129216099
129221637
129216178
129218268
129218786
129224890
129224810
129223770
129222387
129228148
129226447
129230017
129227510
129219726
129221459
129215990
129233923
129226742
129225782
129225946
129230722
129231679
129219678
129226069
129225994
129225281
129228099
129223870
129230119
129226547
129223777
129226288
129217080
129227725
129224240
129217240
129225762
129229216
129227202
129219530
129231261
129225506
129222232
129234479
129224662
129228705
129224534
129219275
129231368
129219929
129229438
129226094
129234418
129228121
129222650
129229600
129230066
129220236
129221986
129229163
129218283
129224624
129222690
129227531
129217264
129225907
129217271
129222721
129228111
129234626
129224830
129223093
129227557
129220040
129221174
129220404
129222110
129216246
129216247
129234375
129220764
129217394
129226861
129226374
129223877
129220031
129219767
129221853
129234387
129220200
129223225
129217023
129217600
129225680
129225784
129226295
129225531
129221160
129230753
129224836
129233017
129222730
129224378
129220392
129229582
129235193
129216915
129223749
129226132
129225079
129224991
129218147
129220336
129219292
129235231
129220828
129222092
129232963
129229665
129224305
129229903
129219663
129222135
129227552
129226083
129226780
129222588
129230504
129225155
129230698
129230699
129222457
129222376
129219397
129218461
129219860
129219172
129234105
129232594
129228205
129216033
129225595
129223526
129224488
129218046
129224523
129222664
129221093
129222857
129234177
129218107
129234196
129216903
129230979
129218548
129220177
129218320
129217550
129221589
129225504
129234493
129228305
129224108
129227017
129221201
129221308
129231871
129235320
129228553
129223796
129230216
129217462
129230345
129229392
129224575
129234609
129225245
129218840
129225077
129220157
129225691
129224515
129219289
129219453
129218664
129217376
129232676
129220253
129218531
129229876
129224017
129219189
129223730
129222781
129226092
129226148
129224669
129219762
129225869
129224298
129217562
129234229
129224349
129230140
129221483
129226367
129232837
129224415
129229752
129215996
129225960
129217319
129219163
129217718
129219875
129229971
129227407
129230097
129234419
129218114
129216649
129231362
129219745
129217506
129231484
129217020
129219017
129221954
129228464
129230683
129230732
129219879
129229358
129229826
129224557
129228665
129219747
129231392
129234661
129229657
129222597
129216187
129224396
129218515
129219908
129220221
129232477
129216064
129231821
129232604
129233963
129224401
129231010
129215989
129216478
129217377
129221341
129226550
129218633
129234251
129228291
129231797
129224044
129221652
129235294
129217373
129234420
129227356
129216031
129219743
129227285
129220175
129217515
129229666
129229661
129224949
129221420
129227396
129233014
129227333
129225744
129220658
129229467
129226806
129227909
129221501
129232790
129226955
129232967
129220748
129221163
129233934
129226041
129234481
129225838
129224193
129225150
129221866
129223270
129224684
129229851
129222136
129234511
129231632
129232816
129232814
129235228
129219307
129222803
129235319
129223836
129225905
129225259
129220142
129231745
129230270
129219795
129219805
129230271
129231094
129225793
129225791
129233465
129227708
129234437
129219120
129225174
129222195
129221945
129224969
129222330
129224123
129231310
129221288
129224545
129221530
129233796
129225113
129229590
129223286
129219925
129222175
129220661
129226535
129221925
129227593
129233150
129223210
129219333
129231271
129230645
129234679
129234395
129220262
129217705
129228304
129216124
129222856
129221591
129221590
129227430
129229648
129217097
129221147
129219749
129234408
129231778
129227796
129225515
129230393
129222794
129217552
129218050
129223918
129228100
129217028
129226939
129218491
129227688
129228054
129217340
129218544
129229368
129219671
129223917
129226497
129235277
129227393
129223125
129218060
129222769
129225962
129229354
129229399
129229306
129225998
129226311
129225952
129232550
129229887
129227339
129220337
129220439
129226446
129218886
129225718
129221536
129234290
129218708
129227479
129222429
129224470
129222304
129224668
129224717
129217344
129217244
129233356
129225739
129226958
129217010
129222193
129234616
129234106
129225605
129234638
129216600
129232375
129219210
129226087
129227243
129221654
129220484
129221297
129234474
129221114
129219737
129234641
129229272
129226380
129220181
129228316
129226269
129220228
129229498
129232070
129232635
129219739
129226574
129235327
129221517
129225565
129223128
129224642
129230697
129216946
129216682
129216180
129234205
129216003
129216001
129222153
129217099
129217453
129224671
129218446
129235157
129225847
129231557
129225840
129230744
129219913
129216185
129224238
129219391
129229982
129221005
129217743
129226563
129220229
129219294
129224249
129220279
129227527
129232662
129219893
129224381
129220293
129226319
129226564
129223135
129223136
129222880
129228149
129217297
129229337
129228186
129224468
129232400
129223445
129231305
129227041
129224802
129222540
129223543
129226027
129221272
129228195
129231869
129233132
129222097
129226594
129220877
129221977
129218445
129227265
129222394
129225780
129229534
129229634
129220497
129228217
129231221
129228510
129227791
129216961
129221441
129234571
129217769
129216717
129229211
129226111
129217614
129229405
129219688
129222076
129228116
129222940
129233021
129227523
129221184
129228035
129231076
129230200
129222228
129229719
129231413
129233174
129233273
129225968
129228707
129219335
129217360
129218536
129227607
129225683
129221079
129219840
129216172
129223337
129227592
129222813
129222853
129230234
129225849
129219253
129221392
129226877
129217019
129233023
129234301
129224157
129229980
129231424
129227471
129224066
129230750
129224272
129233099
129217641
129225728
129225727
129224459
129227269
129225920
129222398
129229917
129225554
129216428
129222176
129229678
129231867
129217417
129221385
129217553
129220707
129223824
129226464
129229552
129216347
129232827
129226541
129219703
129222807
129222973
129223991
129225572
129222341
