107436644
107437365
107437367
107437735
107438072
107438163
107439313
107439842
107440602
107441433
107441970
107442447
107442563
107443687
107443753
107445327
107445540
107446730
107446755
107446926
107447379
107447861
107447925
107447943
107448189
107448222
107448683
107448959
107449400
107449618
107449658
107449789
107449838
107450237
107450399
107450521
107450901
107450948
107451336
107452505
107452621
107452716
107452917
107453669
107453875
107454099
107455035
107455743
107456859
110283002
139425699
