107436150
107436166
107436177
107436644
107436737
107436772
107436961
107437127
107437365
107437367
107437510
107437535
107437735
107437738
107437914
107438072
107438080
107438122
107438163
107438342
107438868
107438959
107439164
107439313
107439320
107439356
107439486
107439534
107439593
107439667
107439758
107439819
107439842
107440016
107440020
107440149
107440180
107440234
107440602
107440616
107440672
107440727
107440929
107441250
107441433
107441727
107441855
107441880
107441970
107441986
107441997
107442201
107442275
107442447
107442449
107442476
107442498
107442563
107442615
107442689
107442727
107442754
107442757
107442784
107442849
107443336
107443506
107443684
107443687
107443753
107444034
107444131
107444168
107444189
107444363
107444531
107444589
107444687
107444806
107445056
107445148
107445308
107445327
107445402
107445484
107445498
107445540
107445635
107445755
107445770
107445852
107446258
107446265
107446668
107446730
107446755
107446926
107447328
107447379
107447456
107447594
107447618
107447631
107447861
107447905
107447906
107447925
107447943
107447993
107448044
107448189
107448222
107448327
107448398
107448419
107448625
107448683
107448897
107448911
107448959
107448960
107449053
107449400
107449499
107449618
107449658
107449689
107449698
107449789
107449838
107450037
107450237
107450399
107450521
107450738
107450840
107450892
107450901
107450948
107450980
107451072
107451096
107451299
107451336
107451475
107451534
107451674
107451718
107451807
107452084
107452114
107452251
107452450
107452505
107452621
107452651
107452716
107452818
107452917
107453149
107453177
107453302
107453373
107453600
107453608
107453633
107453669
107453751
107453839
107453875
107453993
107454037
107454099
107454166
107454233
107454313
107454702
107454798
107454888
107454923
107455017
107455035
107455038
107455113
107455144
107455167
107455410
107455477
107455480
107455549
107455660
107455707
107455743
107455829
107455837
107455881
107455956
107455995
107456068
107456224
107456506
107456709
107456859
107457105
107457216
107457262
107457467
107457474
110282216
110283002
122268310
122269282
122270812
122271093
139425699