107436201
107436238
107436356
107436493
107436501
107436534
107436542
107436591
107436644
107436659
107436661
107436948
107437076
107437122
107437202
107437314
107437351
107437481
107437589
107437605
107437638
107437643
107437722
107437723
107437753
107437815
107437861
107437876
107437886
107437960
107438008
107438058
107438080
107438129
107438163
107438185
107438195
107438245
107438279
107438477
107438509
107438605
107438644
107438679
107438787
107438841
107438877
107438933
107439003
107439006
107439009
107439021
107439067
107439167
107439181
107439235
107439301
107439528
107439562
107439563
107439618
107439667
107439728
107439806
107440016
107440020
107440073
107440093
107440109
107440110
107440265
107440338
107440421
107440436
107440467
107440469
107440488
107440513
107440571
107440620
107440695
107440873
107440928
107440941
107441094
107441099
107441113
107441166
107441230
107441331
107441433
107441724
107441727
107441752
107441834
107441928
107441981
107441986
107441991
107441996
107442002
107442068
107442113
107442179
107442275
107442286
107442388
107442447
107442514
107442523
107442525
107442529
107442554
107442671
107442685
107442774
107442785
107442821
107443017
107443043
107443054
107443070
107443155
107443221
107443239
107443251
107443336
107443419
107443468
107443504
107443507
107443540
107443582
107443588
107443595
107443687
107443753
107443756
107443799
107443889
107443996
107444053
107444116
107444164
107444190
107444193
107444258
107444435
107444492
107444540
107444565
107444589
107444651
107444888
107444912
107444951
107445019
107445132
107445150
107445218
107445353
107445518
107445519
107445650
107445672
107445688
107445704
107445965
107445992
107446001
107446031
107446071
107446074
107446091
107446093
107446184
107446406
107446426
107446460
107446477
107446605
107446712
107446747
107446755
107446780
107447014
107447017
107447122
107447141
107447147
107447161
107447235
107447251
107447385
107447390
107447479
107447628
107447631
107447638
107447654
107447667
107447691
107447763
107447834
107447956
107448065
107448097
107448191
107448407
107448501
107448614
107448644
107448880
107448905
107448959
107449060
107449143
107449387
107449400
107449408
107449449
107449500
107449551
107449585
107449708
107449750
107449779
107449838
107449850
107449901
107450013
107450063
107450117
107450156
107450237
107450305
107450327
107450385
107450399
107450413
107450493
107450690
107450779
107450897
107450944
107450948
107450971
107450999
107451043
107451195
107451246
107451370
107451409
107451423
107451428
107451440
107451492
107451534
107451548
107451577
107451611
107451669
107451671
107451909
107451914
107451981
107452044
107452103
107452120
107452245
107452315
107452353
107452543
107452555
107452585
107452591
107452621
107452694
107452753
107452840
107452884
107452917
107452962
107453044
107453059
107453126
107453149
107453250
107453302
107453447
107453500
107453509
107453513
107453525
107453608
107453685
107453761
107453784
107453807
107453824
107453854
107453875
107454021
107454128
107454170
107454200
107454288
107454413
107454694
107454710
107454798
107454900
107454923
107455017
107455144
107455162
107455173
107455211
107455249
107455259
107455283
107455313
107455422
107455631
107455693
107455697
107455706
107455730
107455740
107455793
107455817
107455818
107455837
107455895
107455935
107455937
107456020
107456063
107456160
107456184
107456293
107456297
107456350
107456398
107456412
107456440
107456499
107456529
107456668
107456859
107456926
107456941
107456958
107457029
107457098
107457105
107457122
107457184
107457202
107457248
107457292
107457305
107457339
107457467
107457520
110282216
110282490
110283034
122268256
122273073
139425040
139425699
139426200
139427122