107436644
107437481
107437589
107437643
107438080
107438163
107438841
107439003
107439021
107439167
107439181
107439235
107439301
107439562
107439728
107439806
107440109
107440467
107440695
107440928
107441166
107441727
107441928
107442447
107442821
107443582
107443687
107443753
107443799
107444193
107444540
107444589
107444912
107445019
107445218
107446071
107446184
107447141
107447161
107447390
107447631
107447667
107447956
107448065
107448644
107448880
107449143
107449400
107449500
107449838
107450013
107450063
107450237
107450399
107450779
107450948
107450971
107451423
107451428
107451671
107451909
107451981
107452044
107452353
107452621
107452917
107453044
107453149
107453302
107453525
107453685
107453875
107454200
107454694
107454710
107454923
107455422
107455693
107455730
107455818
107455895
107456350
107457305
139425699