129227793
129220903
129229398
129233235
129230408
129218775
129218395
129218682
129220986
129216895
129221255
129223171
129217691
129228091
129228063
129229476
129219183
129219714
129234104
129232091
129231373
129216451
129220152
129230744
129223095
129222631
129232769
129223096
129223397
129220755
129219455
129218474
129229818
129218040
129226939
129231754
129216138
129221960
129224387
129231842
129224841
129216779
129230559
129228581
129221011
129231419
129231241
129228194
129230733
129219017
129217486
129230665
129226612
129228397
129216998
129223843
129219103
129220233
129230176
129231362
129234473
129230444
129217786
129218840
129225077
129227412
129220115
129219856
129216599
129216597
129226735
129217244
129232480
129220555
129220547
129228306
129222872
129223429
129225712
129221623
129217611
129218915
129227764
129232128
129227225
129232958
129227045
129225839
129229377
129225041
129221043
129221379
129219298
129230337
129231053
129230395
129230397
129225656
129218928
129224024
129219115
129218572
129224370
129228529
129227834
129227546
129227445
129227279
129230000
129228466
129225777
129229550
129220392
129220436
129229857
129232107
129233167
129216205
129225684
129218983
129227533
129220342
129218064
129225911
129216391
129218384
129234263
129234195
129228295
129220073
129229306
129216933
129227298
129223800
129218084
129217638
129218860
129229696
129221282
129220299
129220298
129217827
129225104
129232587
129217769
129229292
129231640
129231871
129225302
129232083
129233033
129228195
129225677
129220148
129220275
129220381
129228216
129225101
129229782
129224091
129234606
129231515
129224399
129230277
129225237
129219378
129225811
129219716
129219717
129216103
129216891
129227627
129227838
129224850
129233024
129224972
129222215
129229232
129222954
129227342
129230633
129223963
129221408
129226559
129226969
129225794
129227351
129223761
129231652
129227909
129224914
129229873
129234652
129229644
129223939
129221101
129219218
129227790
129223321
129225594
129234481
129216716
129222112
129217552
129230999
129217602
129219650
129229573
129221975
129220007
129222850
129229881
129227678
129228684
129233168
129229552
129225245
129216853
129220110
129222748
129218394
129231204
129231445
129229367
129221901
129216099
129228346
129217509
129225782
129220496
129227836
129228038
129231803
129221583
129233536
129216649
129216990
129228464
129229735
129230604
129231145
129225511
129217310
129226514
129221160
129234415
129219747
129223286
129229852
129218555
129222444
129226904
129231340
129225306
129226374
129219875
129224049
129226381
129216862
129218482
129217230
129222097
129230605
129227980
129222068
129221864
129220312
129228396
129221148
129217719
129216165
129220302
129222091
129235311
129224276
129220117
129231357
129234035
129227725
129222641
129229332
129228569
129217343
129224892
129216153
129223810
129221419
129227623
129225420
129227985
129225324
129228445
129228282
129224473
129234177
129219972
129228109
129225894
129218649
129232345
129230076
129224668
129224597
129217186
129227329
129226434
129225721
129222186
129222214
129216943
129227969
129229728
129216792
129227496
129217240
129224378
129222649
129218687
129231525
129222269
129219842
129217297
129233564
129228318
129225169
129217265
129229374
129229279
129229280
129224468
129226375
129228553
129217731
129221164
129230695
129226581
129222847
129221354
129232779
129225633
129219454
129234183
129225199
129234494
129231217
129221986
129221999
129228728
129228083
129221005
129222130
129220390
129233937
129227849
129234106
129225934
129229777
129234006
129226168
129222582
129234223
129231501
129224569
129217614
129224240
129226128
129225566
129234604
129231758
129219349
129216913
129230459
129230393
129217212
129227688
129217340
129216448
129230445
129231302
129226477
129223996
129225772
129224401
129226396
129225557
129218273
129234336
129230491
129221455
129222751
129219194
129230384
129234505
129220856
129218641
129226784
129217511
129217510
129222838
129234011
129234448
129231753