129232144
129227284
129233021
129227523
129219907
129226789
129231513
129220936
129219841
129226327
129216283
129216293
129235109
129235108
129225190
129221297
129232663
129222721
129231270
129223806
129217315
129217314
129231827
129232433
129230599
129229740
129230719
129229378
129219085
129218517
129227719
129232051
129229398
129224441
129224542
129220888
129231574
129220293
129232232
129232236
129223140
129217280
129223149
129218458
129226541
129230105
129217716
129227526
129216033
129227697
129228040
129235223
129221874
129222267
129235117
129219913
129231428
129227599
129226631
129234471
129217804
129223890
129223906
129222174
129222496
129228536
129224428
129224698
129224553
129224111
129224430
129224409
129219215
129233137
129231666
129217691
129229801
129231150
129229753
129227253
129228707
129227875
129226415
129228247
129227737
129220112
129220460
129219800
129221493
129220355
129223329
129222854
129225133
129219419
129229474
129229561
129222228
129225158
129221349
129229383
129228369
129220178
129229781
129225504
129234493
129225008
129223952
129230749
129230748
129220255
129224371
129216215
129216604
129226923
129220321
129220715
129232621
129218559
129219216
129234236
129218398
129223193
129234603
129235289
129231369
129220152
129230744
129219648
129230467
129234636
129217350
129217293
129217129
129218468
129224001
129217666
129228237
129217151
129223397
129220755
129218502
129219455
129222173
129221517
129220084
129230586
129223991
129220404
129222487
129227278
129224309
129227878
129228205
129231221
129218691
129231582
129224581
129222742
129222601
129226939
129231745
129230270
129219795
129219805
129230271
129231094
129223883
129219910
129230486
129231250
129221024
129231278
129230062
129228510
129234131
129227059
129218723
129216968
129234292
129228402
129228096
129216732
129222708
129224942
129228628
129225982
129224118
129229358
129229826
129221960
129227663
129228029
129235330
129226999
129222136
129229359
129216213
129223613
129226818
129225641
129234200
129235227
129226962
129220499
129221069
129229163
129228234
129217439
129224387
129221412
129220658
129223742
129220085
129229622
129225674
129234204
129222291
129231586
129232822
129235126
129229540
129221281
129230070
129219900
129229702
129230559
129230114
129228581
129232192
129216873
129235193
129219306
129218208
129218411
129229791
129230370
129230727
129224425
129224467
129216135
129229382
129224327
129235189
129221547
129219726
129230733
129232493
129234098
129223269
129226742
129224223
129224069
129227675
129226414
129216110
129216111
129230682
129229907
129225789
129225638
129224948
129226206
129226204
129216897
129216225
129220526
129216075
129229500
129230665
129226612
129230690
129220468
129226639
129224046
129235174
129217807
129225572
129231759
129235208
129216340
129231267
129216029
129220189
129218541
129230458
129221418
129227742
129229415
129231201
129227288
129216151
129224763
129233447
129228030
129223822
129220099
129222296
129222845
129226679
129220233
129227562
129234458
129233128
129217797
129222820
129233694
129221341
129229577
129225282
129217585
129231362
129231455
129220163
129233139
129218245
129234524
129217408
129228677
129216903
129225436
129233289
129223000
129223813
129220159
129219898
129221584
129219343
129232274
129227377
129222067
129227032
129224592
129228696
129227393
129233658
129233408
129226548
129231775
129216899
129217786
129218840
129225077
129220541
129218979
129227998
129218199
129218435
129222856
129232451
129232446
129229537
129219703
129232340
129227813
129229752
129219758
129229680
129220151
129216090
129229528
129226202
129229952
129217220
129235085
129223388
129216471
129216599
129216597
129226735
129220871
129226009
129222554
129230683
129233788
129225079
129224991
129226599
129220857
129217361
129233910
129224760
129216368
129230600
129221409
129219754
129219391
129220897
129235255
129234103
129232334
129221404
129232480
129228099
129225281
129221594
129222881
129216537
129218287
129219307
129219318
129219723
129218644
129220397
129220414
129223914
129230538
129217085
129218283
129228290
129217093
129227684
129226439
129227661
129224464
129222940
129222337
129216267
129222406
129234477
129229480
129224408
129230671
129226665
129227352
129224486
129220207
129219756
129235184
129230693
129230261
129230692
129220829
129228327
129233006
129216175
129229212
129220339
129221321
129229238
129220642
129221920
129227063
129235181
129221155
129227274
129235195
129231441
129225554
129224705
129232524
129225307
129228045
129227018
129226446
129231126
129229965
129223310
129217926
129218819
129227885
129226716
129234672
129223787
129217400
129228635
129235249
129234479
129231211
129223268
129223429
129219289
129217078
129217079
129223396
129229923
129227642
129217485
129231453
129224568
129222825
129221654
129225528
129225639
129219901
129219381
129230231
129228593
129221201
129227580
129221294
129227486
129235238
129218364
129229917
129226550
129221623
129227695
129232115
129220132
129225817
129216716
129234391
129234122
129231570
129227759
129221189
129223783
129234264
129227245
129234615
129221386
129220661
129225762
129232128
129229447
129227225
129232958
129223196
129223861
129220203
129227405
129220821
129217635
129222457
129222376
129225960
129216944
129218773
129218417
129226561
129220437
129224852
129225975
129229377
129225292
129216344
129232252
129235186
129217051
129229433
129230636
129222206
129222880
129221043
129221379
129221542
129217631
129219298
129219015
129231392
129218408
129218101
129217305
129231269
129231271
129219929
129222813
129230594
129225174
129233237
129220893
129220240
129220023
129234290
129222101
129230240
129234124
129217360
129226575
129218449
129217056
129216257
129223358
129224024
129234594
129217743
129224265
129218570
129226135
129219442
129222153
129225653
129218169
129226096
129219185
129227549
129228606
129218598
129220384
129224117
129227736
129221574
129222802
129230000
129222128
129219933
129231000
129229436
129224158
129228466
129225777
129217436
129219460
129225530
129231476
129229868
129231260
129233345
129223071
129225649
129228371
129218456
129222701
129234511
129231632
129233429
129234145
129227935
129235158
129229930
129226338
129220828
129225681
129228705
129231665
129223836
129220392
129218438
129217218
129221427
129227023
129226220
129227369
129234449
129226132
129234375
129229444
129231575
129229557
129229857
129224036
129224157
129229527
129229713
129224730
129229937
129226909
129232107
129222102
129229220
129217689
129220386
129216174
129222706
129223791
129227297
129226015
129219436
129222231
129227265
129217795
129230566
129228475
129230441
129217648
129220371
129227670
129218389
129216189
129219843
129223895
129220591
129227483
129228603
129234120
129222769
129235231
129228359
129234306
129232233
129216473
129233745
129230648
129230610
129225918
129216817
129216273
129226563
129222016
129218522
129218521
129234263
129222334
129224838
129225523
129224514
129224217
129227246
129221977
129216973
129228295
129233313
129220332
129225144
129224915
129231285
129224114
129216354
129223374
129222285
129230489
129226104
129229306
129226645
129217037
129217035
129234595
129232819
129226405
129222650
129218672
129224384
129224385
129216206
129226864
129224415
129216932
129216937
129222205
129221949
129218653
129220053
129231061
129234562
129229531
129229739
129230008
129218089
129224728
129220955
129220553
129225121
129229230
129218670
129217177
129227321
129217377
129216428
129231138
129218982
129218980
129235254
129221613
129225620
129217616
129218084
129230675
129230979
129229768
129228604
129232520
129234631
129229242
129230456
129232422
129231869
129218379
129218548
129224520
129225680
129225061
129222140
129226409
129218705
129219138
129219453
129226269
129231257
129229438
129231538
129230465
129219693
129225761
129227471
129218765
129217770
129230982
129229645
129229331
129229696
129221282
129235192
129225235
129220299
129220298
129226324
129228727
129233398
129227981
129227540
129229674
129224080
129217769
129226955
129232967
129220748
129235277
129219214
129217344
129219172
129219251
129222212
129217568
129220506
129227607
129227781
129228553
129226390
129216155
129229292
129233966
129224523
129216387
129220954
129219691
129217159
129224977
129226695
129218892
129223337
129224485
129221359
129223960
129229482
129229481
129227394
129234526
129219813
129229281
129216392
129230434
129234387
129223894
129224374
129226002
129226003
129229847
129217581
129219948
129216430
129228440
129225806
129225796
129225750
129220186
129226944
129219750
129225924
129216941
129217290
129225150
129221866
129216462
129225302
129232083
129216177
129216026
129223333
129221858
129216076
129218439
129220198
129217193
129233033
129216706
129223448
129229274
129226019
129226728
129218945
129229351
129221605
129232624
129224572
129233963
129226322
129226321
129226521
129226578
129226493
129231265
129231178
129225134
129218216
129227480
129220135
129224629
129224338
129221347
129228081
129233711
129216384
129223798
129229604
129234308
129224512
129225265
129216437
129227499
129232454
129216223
129227504
129220128
129224777
129226154
129218179
129222497
129220713
129234497
129217676
129228389
129220148
129218786
129224890
129220228
129224238
129224666
129233161
129217086
129231144
129219195
129226854
129217718
129223093
129223340
129231305
129229896
129229827
129219878
129226091
129218414
129232827
129228263
129231705
129230321
129225878
129226297
129223850
129224586
129224803
129217300
129223979
129221530
129219642
129235170
129234573
129220697
129233934
129227923
129219626
129221950
129233422
129222656
129225073
129224337
129233099
129223284
129225101
129224091
129229213
129217301
129221072
129216188
129234429
129234532
129228729
129231778
129220097
129231219
129225770
129222098
129225700
129219299
129234099
129231722
129234149
129219959
129217084
129224610
129226595
129216503
129225038
129234342
129221634
129219987
129233479
129233478
129231542
129231851
129234780
129230422
129225836
129228121
129231579
129225867
129231005
129225612
129233967
129217595
129216374
129226027
129220500
129225149
129222195
129224041
129223440
129231505
129233241
129222262
129233029
129226452
129221414
129232054
129224318
129217379
129224964
129224140
129221558
129220705
129231883
129231600
129232261
129233873
129219716
129219717
129229422
129226211
129228612
129221213
129235266
129224054
129231706
129234147
129229602
129229521
129216891
129222035
129228367
129219333
129219146
129233571
129216441
129224667
129224670
129232790
129220609
129230650
129229697
129231429
129224533
129233024
129221519
129224123
129218346
129227939
129218756
129221392
129226877
129219045
129224972
129222215
129224883
129225643
129232138
129234269
129219778
129222988
129223128
129219237
129220359
129225630
129221895
129230569
129220712
129229843
129226519
129221114
129235100
129216986
129222954
129218993
129218994
129222069
129230150
129229513
129230288
129218103
129234609
129228647
129218802
129229319
129226671
129230726
129223736
129216060
129227934
129221408
129220583
129222075
129227825
129222695
129228260
129228226
129232744
129234105
129226806
129218536
129230591
129222065
129235091
129217205
129226559
129226969
129227560
129222064
129224034
129226547
129223777
129231557
129228054
129227044
129220959
129231873
129221952
129232777
129228304
129221364
129221473
129218643
129235237
129225884
129222055
129223761
129230028
129227309
129220497
129233134
129225238
129216828
129217703
129217565
129227439
129218137
129224109
129224106
129225980
129221048
129229498
129224125
129231543
129218300
129222785
129231561
129220220
129226111
129222058
129223720
129230088
129229410
129228575
129218377
129231443
129226018
129222071
129219908
129223015
129229644
129229246
129223965
129220950
129230735
129218680
129217198
129227846
129225715
129228139
129218347
129227976
129229209
129216928
129220306
129225755
129224638
129223210
129220126
129218136
129229411
129230445
129227790
129233322
129234475
129215988
129224269
129227202
129229300
129233295
129218692
129219897
129217405
129228201
129227586
129222987
129218017
129224724
129219454
129219889
129221573
129221322
129231368
129229289
129229910
129218544
129220250
129226221
129226243
129229575
129233105
129220557
129222112
129217090
129222189
129215997
129217036
129221939
129222059
129227370
129222281
129226069
129225994
129230790
129225064
129224287
129216195
129232082
129227333
129225315
129222040
129219650
129223661
129228484
129227049
129225085
129229562
129221488
129217234
129222677
129224719
129235284
129231218
129223764
129234315
129222900
129226886
129232578
129221377
129218111
129233079
129232635
129229894
129229518
129228186
129222080
129227522
129215985
129229203
129216185
129220650
129227314
129228069
129230034
129219253
129227979
129234561
129221500
129221453
129231698
129217029
129217771
129229552
129225245
129228269
129225682
129228654
129219663
129226516
129222169
129226388
129230978
129234410
129227904
129225843
129218049
129219827
129225048
129221465
129231279
129218148
129222653
129222383
129220647
129228073
129220147
129230200
129220328
129224147
129217373
129224556
129231204
129229548
129220539
129224222
129218407
129229443
129223225
129222157
129217556
129226077
129224993
129219249
129230642
129226305
129216158
129225178
129217571
129231445
129227593
129229367
129227466
129232375
129216733
129228346
129229959
129219210
129226064
129217509
129216299
129227476
129222224
129218569
129219292
129227545
129231768
129233334
129229247
129224307
129221342
129223920
129226464
129226311
129217450
129232724
129216120
129216643
129228114
129232752
129218158
129233511
129223964
129225508
129228026
129221385
129219883
129219786
129224949
129229460
129230047
129223317
129227382
129224611
129216990
129220984
129235299
129221537
129217711
129216051
129216569
129229735
129218234
129224096
129234406
129231755
129225807
129225094
129231145
129227353
129229427
129224017
129226298
129229839
129232638
129225946
129222807
129225965
129229720
129229709
129224439
129235038
129228092
129220229
129218695
129222005
129219294
129231247
129231246
129229381
129225532
129216786
129220915
129221652
129220074
129219747
129222087
129231048
129225916
129224380
129234187
129229291
129232351
129224189
129233970
129228473
129227363
129227727
129218886
129221481
129229852
129227025
129222924
129235232
129218555
129220648
129227364
129231223
129231507
129229986
129229337
129224304
129229725
129229294
129219498
129227829
129228564
129223940
129230419
129227797
129226648
129224515
129225613
129217318
129217728
129227843
129221251
129230641
129224488
129225519
129234018
129231636
129225618
129217468
129221300
129225713
129225714
129230055
129229619
129224909
129227668
129231399
129218504
129220268
129219108
129223086
129227378
129220095
129221120
129231944
129235291
129221925
129232788
129231812
129227428
129224576
129233786
129230333
129216645
129224498
129227057
129222973
129228385
129222392
129219671
129231212
129222287
129226629
129216239
129220489
129231063
129235278
129220779
129226958
129230605
129217031
129223866
129218015
129224936
129232165
129221863
129225800
129235282
129225055
129234442
129223740
129222068
129225003
129224684
129222115
129231222
129223409
129221440
129222425
129222265
129216931
129225222
129225143
129226418
129218272
129217196
129217732
129220870
129217347
129230358
129217061
129224470
129218494
129226085
129230571
129222429
129216015
129223039
129229413
129220847
129218684
129229567
129218964
129228227
129222638
129216027
129227785
129232806
129227880
129232911
129221316
129220117
129232127
129222461
129229321
129217197
129228355
129229529
129221461
129219676
129216582
129227478
129233388
129229823
129222882
129218654
129222816
129221940
129231421
129219658
129226953
129218659
129219993
129216050
129230234
129234577
129228140
129227031
129230660
129235124
129219163
129234407
129218530
129218184
129229631
129218463
129218515
129229332
129228569
129222030
129219274
129224452
129216598
129227955
129220105
129232327
129217563
129227186
129228709
129227243
129231610
129216266
129222803
129227318
129229955
129223982
129217391
129223810
129235218
129226526
129233173
129217655
129224681
129226000
129217122
129218529
129217098
129218257
129219278
129229997
129229998
129221218
129216284
129224446
129224445
129221569
129221567
129218604
129232597
129225324
129234660
129224155
129221928
129217572
129228445
129223135
129223136
129222048
129231761
129232477
129218373
129230369
129225998
129218156
129231076
129221484
129232623
129222640
129219736
129228109
129232733
129220680
129225616
129219335
129224717
129226421
129221123
129217746
129220171
129230236
129226585
129221373
129226674
129233737
129223168
129226444
129216544
129234250
129230629
129217186
129225595
129231016
129233107
129235207
129230160
129220774
129229366
129226434
129220603
129231760
129231679
129223436
129229789
129231152
129222088
129231650
129220805
129235180
129231010
129216939
129227635
129221637
129216288
129216292
129234570
129229402
129221452
129229640
129231296
129216792
129217470
129227496
129217010
129219397
129218461
129217030
129226605
129227922
129232407
129221907
129229298
129222508
129218820
129217757
129219228
129218276
129221396
129218687
129224404
129233935
129217028
129218498
129226030
129227594
129227735
129225908
129229766
129216870
129222314
129217265
129223342
129221514
129227430
129234581
129224619
129227010
129227584
129221245
129217088
129229620
129219679
129222110
129222209
129223229
129218046
129224405
129233702
129218238
129229926
129218905
129221585
129226375
129219713
129219712
129220038
129235031
129218335
129217422
129218525
129227841
129222606
129232813
129221157
129219465
129223408
129218059
129217731
129228646
129219282
129225252
129220630
129222847
129233881
129233842
129220051
129224857
129232098
129217597
129223987
129235286
129218790
129231774
129220550
129216007
129222608
129230255
129219385
129219810
129232842
129225962
129223483
129227784
129220227
129216083
129220133
129230712
129225078
129218175
129221986
129222175
129229516
129228297
129222341
129218259
129221853
129234649
129223214
129221629
129220383
129226014
129217288
129217289
129225896
129229287
129219530
129230577
129219243
129216989
129233718
129217133
129234259
129218196
129234541
129222204
129220205
129218497
129224466
129222394
129217274
129224027
129229572
129228184
129227272
129233744
129224305
129217367
129228665
129225285
129232684
129216078
129221206
129221097
129226332
129225757
129216282
129224266
129218664
129222130
129220375
129230280
129224639
129221334
129220390
129218633
129222831
129217146
129227410
129219777
129233937
129222307
129221162
129216281
129220456
129224075
129224836
129222939
129218619
129227849
129226932
129224500
129226593
129218333
129222794
129231289
129234502
129228035
129219722
129222217
129227292
129229729
129225286
129228333
129221406
129224022
129221945
129233491
129216319
129222339
129216871
129224195
129218554
129220305
129231147
129224558
129233014
129217270
129221640
129231847
129230732
129226574
129224739
129218113
129231236
129223291
129219164
129218546
129218618
129217312
129218016
129229777
129219762
129217543
129224296
129229360
129220685
129222203
129225828
129226236
129227313
129230974
129225661
129230345
129229392
129220242
129234067
129226455
129224260
129227511
129230046
129229689
129216246
129216247
129230220
129232612
129216741
129218189
129234301
129232364
129232608
129222619
129227440
129224454
129222883
129217527
129231500
129227510
129217456
129222582
129222325
129234642
129223042
129232527
129234162
129229750
129229477
129224713
129234223
129217128
129229595
129216064
129229400
129216988
129231501
129232066
129218457
129224569
129224372
129234548
129217614
129222133
129231406
129223917
129219197
129218605
129233394
129227436
129228719
129215983
129230490
129227848
129227887
129225106
129225107
129234419
129226074
129216234
129219184
129233796
129222716
129233059
129226518
129234182
129220764
129222127
129225931
129230514
129216570
129231129
129233568
129225301
129231148
129224393
129224979
129219664
129217554
129225655
129233918
129229665
129222092
129220088
129220086
129229999
129218629
129230562
129221244
129230462
129230084
129232132
129234604
129218459
129221311
129220367
129224020
129221766
129216904
129220244
129225943
129225944
129231437
129218320
129231409
129227796
129217242
129226535
129217458
129229884
129231758
129231082
129217070
129225874
129226425
129221117
129229869
129219456
129226579
129229670
129222953
129217539
129234641
129234222
129224736
129220837
129227565
129229867
129224142
129217281
129223125
129223796
129230216
129231552
129233117
129230023
129224612
129232140
129217016
129216178
129220484
129234488
129225740
129228031
129222275
129228550
129222072
129228051
129234608
129228426
129226827
129227732
129229800
129219349
129234440
129235294
129232505
129234616
129216913
129216131
129225775
129222594
129223430
129230061
129220814
129224560
129230393
129222107
129225622
129225023
129217453
129217212
129216092
129230119
129220252
129234299
129225231
129226913
129228130
129235123
129222465
129227688
129229431
129230052
129216591
129217340
129221358
129223306
129219965
129230936
129216717
129219728
129226025
129221013
129230140
129227383
129219160
129217443
129234175
129216448
129218151
129231750
129228113
129231522
129218662
129231302
129231096
129224839
129233199
129223070
129226477
129227835
129227613
129228249
129228574
129225772
129224988
129219392
129227530
129216114
129218620
129231207
129235327
129233923
129222819
129227418
129226488
129220407
129219120
129224401
129227588
129223962
129217619
129219316
129221371
129232346
129221174
129231471
129228217
129229864
129222467
129218312
129222735
129231051
129232798
129217734
129222188
129229278
129228089
129228037
