129231815
129219841
129220187
129220188
129227954
129230599
129229740
129230719
129229378
129221450
129226340
129226355
129224542
129223377
129216867
129233751
129223432
129227599
129226844
129217691
129220214
129223329
129222854
129221006
129224371
129226923
129218144
129220321
129220715
129217363
129223095
129222631
129232769
129223096
129228237
129226341
129219694
129225179
129218220
129227064
129222742
129220635
129230486
129226572
129217545
129218723
129231143
129217281
129216009
129227663
129228029
129218972
129231146
129220498
129231419
129231241
129235098
129219726
129224479
129224223
129217486
129224046
129216314
129235208
129227288
129226290
129222357
129229577
129225869
129217786
129231576
129229459
129217220
129231737
129233910
129224760
129216368
129232455
129219391
129231860
129222276
129223443
129222818
129219087
129220239
129227728
129231397
129223429
129231675
129217806
129229580
129216775
129225032
129226112
129221294
129219860
129227224
129226855
129227244
129220661
129225839
129225975
129231392
129225174
129234124
129217056
129227644
129216145
129224024
129234594
129226135
129227834
129227546
129227445
129227279
129229574
129228466
129223275
129233144
129224856
129230758
129234375
129231575
129229527
129229713
129229220
129225600
129233167
129227265
129228475
129224280
129219001
129227975
129217334
129221804
129228295
129229293
129231285
129226838
129226839
129226104
129232139
129218672
129226367
129232837
129216932
129216937
129222205
129228596
129218089
129229488
129235254
129225620
129221012
129224427
129230436
129219342
129221193
129224997
129224996
129219138
129223784
129225211
129227540
129216306
129228463
129228462
129220748
129235248
129233725
129223973
129222045
129226065
129234557
129229878
129223942
129226944
129231326
129220722
129235173
129223885
129235267
129225970
129231864
129228238
129220029
129221272
129229782
129225909
129230277
129233241
129226211
129216103
129231425
129233024
129220334
129217574
129216959
129222069
129230150
129230633
129220583
129219911
129216270
129217680
129227439
129217629
129228388
129225594
129233647
129231218
129232635
129220007
129227230
129227226
129226912
129226539
129231803
129227458
129225093
129221160
129224055
129218455
129219498
129234571
129229647
129224049
129228023
129227428
129228385
129227447
129220121
129230358
129220302
129218684
129220117
129234321
129235218
129230645
129218507
129225210
129216763
129234663
129221963
129216792
129217470
129218498
129227735
129221964
129228261
129231386
129224028
129217155
129216396
129217180
129225896
129225285
129218099
129216281
129222939
129216871
129231847
129217064
129233271
129229848
129222389
129228316
129219114
129227435
129234134
129216064
129226194
129218505
129226128
129222857
129222717
129229764
129228149
129226535
129220814
129231096
129221371
129231388
129226454
129222735
129231239
129218932
129228037
129218273
129234336
129228088
129222201
129222751
129231696
129218641
129225095
129226255
129227657
