129232144
129227284
129233021
129227523
129219907
129226789
129231513
129220936
129219841
129226327
129226925
129216283
129216293
129235109
129235108
129225190
129221297
129232663
129222721
129231270
129223806
129217315
129217314
129231827
129232433
129230599
129229740
129230719
129229378
129219085
129218517
129227719
129232051
129233369
129220892
129220285
129220883
129233367
129233371
129221094
129221090
129224344
129233370
129229398
129224441
129224542
129221876
129220888
129231574
129220293
129232232
129232236
129223140
129217280
129223149
129218458
129226541
129230105
129224813
129223865
129226787
129217716
129227526
129216033
129216766
129227697
129228040
129235223
129221874
129222267
129223891
129235117
129219913
129217140
129216967
129229654
129230625
129225102
129231428
129227599
129226631
129234471
129221428
129220417
129217804
129223890
129223906
129222174
129222496
129228536
129224428
129224698
129224553
129224111
129224430
129224409
129219215
129233137
129231666
129217691
129229801
129228711
129231150
129229753
129227253
129228707
129227875
129226415
129228247
129227737
129220112
129226052
129220460
129219800
129221493
129220355
129223329
129222854
129225133
129219419
129229474
129230504
129229561
129222228
129225158
129221893
129218263
129221349
129229383
129228369
129220178
129229781
129225504
129234493
129225008
129223952
129230749
129230748
129220255
129224371
129216215
129216604
129226923
129220321
129220715
129221938
129232621
129218559
129219216
129234236
129218398
129223193
129234603
129221951
129233266
129235289
129231369
129226370
129224009
129228058
129220152
129230744
129219648
129230467
129234636
129217350
129217293
129217129
129218468
129224001
129217666
129233245
129216084
129228237
129221219
129217151
129223085
129223397
129234265
129220755
129227067
129218502
129216248
129219455
129222173
129225179
129221517
129220084
129230586
129223991
129222597
129232483
129227472
129220404
129222487
129227278
129228213
129223738
129227064
129224309
129227715
129227878
129228205
129231221
129218691
129221533
129231582
129224581
129222742
129222601
129226939
129228079
129231745
129230270
129219795
129219805
129230271
129231094
129223883
129219910
129224097
129230486
129227030
129231250
129221024
129231278
129230062
129230519
129217412
129217417
129217414
129224121
129229211
129229610
129228510
129216504
129219189
129234131
129217054
129227059
129231833
129230032
129218723
129217281
129216009
129220741
129216929
129216968
129234292
129228402
129228096
129229695
129216732
129222708
129224942
129228628
129225982
129224118
129229358
129229826
129224930
129225605
129229204
129221960
129227663
129228029
129235330
129232658
129222462
129222213
129226999
129230075
129226555
129222136
129229359
129216213
129223613
129226818
129225641
129234200
129235227
129231314
129230077
129221273
129226962
129220499
129221069
129229163
129228234
129217439
129224387
129221412
129220658
129223742
129220085
129229622
129217371
129225674
129234204
129222291
129224044
129224841
129230104
129231586
129232822
129235126
129226565
129234229
129229540
129221281
129230070
129231355
129219900
129224113
129224812
129229702
129230559
129230114
129228581
129229512
129220389
129232192
129234414
129228267
129216873
129235193
129217044
129221435
129219306
129218208
129218411
129231419
129231241
129229791
129223204
129223205
129223938
129230370
129230727
129224425
129225261
129224467
129216135
129216012
129229382
129224327
129218114
129218223
129235189
129221547
129230714
129219726
129230733
129232493
129226532
129234098
129223269
129226468
129227316
129226742
129224223
129218462
129224069
129227675
129226414
129216110
129216111
129220246
129219017
129230682
129229907
129225789
129225638
129224948
129224947
129217486
129217135
129226206
129226204
129216897
129225937
129216225
129227317
129221128
129220526
129224066
129216075
129229500
129230665
129220348
129226612
129221283
129230690
129220468
129226639
129224046
129221102
129235174
129217807
129225572
129231759
129235208
129216340
129231267
129216029
129220189
129218541
129230458
129221418
129227742
129223021
129222355
129229415
129231201
129227288
129219697
129216151
129224763
129229336
129233447
129228030
129222357
129232646
129223822
129220099
129222296
129226037
129225549
129222845
129226679
129223843
129223841
129223948
129222627
129219891
129233296
129220233
129231349
129227562
129225764
129234458
129226289
129233128
129231433
129217797
129222820
129233694
129229462
129221341
129222834
129229577
129225282
129218446
129230639
129218050
129217091
129216859
129229922
129223178
129217585
129227304
129234427
129231362
129231455
129220163
129233139
129218245
129221279
129217049
129229570
129234524
129217408
129228677
129235298
129216903
129225436
129225869
129219340
129233289
129223000
129223813
129220159
129219898
129221584
129219343
129217211
129222132
129232274
129227377
129224423
129222067
129227032
129221345
129224592
129219962
129228696
129227393
129233658
129233408
129226548
129225340
129224082
129224104
129216517
129216018
129231775
129226823
129227552
129227824
129218055
129224063
129216899
129217786
129218840
129225077
129220541
129220411
129234307
129218979
129227998
129228710
129218199
129218435
129225082
129231576
129229459
129221478
129221871
129216466
129223983
129227412
129222856
129232451
129232446
129229537
129227581
129219703
129232340
129216972
129227889
129227813
129229752
129219758
129229680
129220151
129216090
129216914
129229528
129226202
129229952
129217220
129235085
129222722
129223872
129219745
129223388
129223846
129216471
129216599
129216597
129226735
129224279
129220871
129226009
129222554
129230683
129233788
129227527
129225079
129224991
129226599
129217244
129220857
129217361
129228172
129232248
129220040
129223427
129233910
129228119
129226603
129224760
129216368
129230600
129221409
129219754
129233915
129219391
129220329
129216965
129234638
129220897
129235255
129234103
129232334
129221404
129232480
129235157
129228099
129225281
129221594
129222881
129231860
129216537
129218287
129219307
129219318
129218243
129222009
129219723
129217499
129218644
129220397
129220414
129223914
129230538
129217085
129218283
129225591
129228290
129219779
129217093
129227684
129226439
129227661
129223779
129224464
129234154
129222940
129222337
129216267
129222406
129220732
129234653
129234477
129229480
129231383
129233468
129224408
129230671
129224042
129216934
129222276
129226665
129227352
129224486
129220207
129224124
129234026
129227680
129220629
129223343
129222232
129233936
129227425
129234185
129225736
129219756
129235184
129230693
129230261
129230692
129220829
129228327
129233006
129219847
129216175
129229212
129231085
129220339
129229399
129221321
129229328
129229238
129220642
129221920
129224420
129227063
129219730
129227739
129234279
129222442
129226503
129235181
129221155
129227274
129229451
129223223
129220031
129235195
129231441
129225554
129220547
129224618
129224705
129222145
129232524
129231611
129225307
129228045
129228644
129227018
129226446
129233181
129219743
129228306
129223226
129227728
129231397
129231126
129225919
129229965
129223310
129217926
129218819
129227885
129222789
129220838
129231607
129226716
129221904
129234672
129224260
129223787
129224197
129217400
129223422
129228242
129227263
129228635
129233023
129218578
129235249
129234479
129222872
129231211
129223268
129219806
129221287
129223429
129219289
129228157
129232097
129217078
129217079
129225712
129225115
129227729
129223396
129229923
129227642
129228686
129217485
129231453
129231675
129217806
129229580
129216775
129222286
129224568
129222825
129221654
129225528
129225639
129219901
129219381
129233355
129221407
129230640
129230231
129218481
129227356
129228593
129221201
129226112
129227580
129222033
129216235
129221294
129227486
129235238
129218364
129235183
129229917
129226550
129221623
129227695
129221872
129232115
129220132
129225817
129216716
129234391
129230656
129225710
129234122
129233739
129225697
129219860
129231570
129221165
129227759
129227892
129220225
129221189
129228142
129233781
129227277
129218800
129223783
129234264
129217600
129227245
129230579
129234615
129229286
129221386
129227244
129220661
129227764
129225762
129232128
129229447
129227225
129232958
129218986
129230233
129223196
129223861
129220203
129227405
129228006
129220821
129217635
129227503
129222457
129222376
129225960
129225839
129216944
129218773
129227095
129223423
129216945
129218417
129226561
129220437
129224852
129223886
129229261
129234197
129221569
129221567
129217192
129225975
129229377
129225292
129222135
129216344
129232252
129235186
129217051
129222346
129229433
129224072
129219983
129230636
129222206
129222880
129221043
129221379
129228098
129221542
129217631
129219298
129219015
129231392
129218408
129221595
129222519
129218101
129217305
129231269
129231271
129219929
129222813
129230594
129225174
129233237
129220893
129216840
129220240
129220023
129234290
129222101
129230240
129223966
129234124
129217360
129226575
129226050
129218449
129217056
129221524
129216257
129223358
129225656
129235106
129225628
129224024
129234594
129217743
129224265
129218570
129226945
129226135
129219442
129226601
129222153
129225653
129222730
129229507
129218169
129226096
129230612
129219185
129227834
129227546
129227445
129227279
129227549
129228606
129218598
129220384
129224117
129227736
129232662
129221574
129222802
129222111
129230000
129222128
129219933
129231000
129224019
129229436
129222321
129224158
129230165
129229574
129232676
129228466
129225777
129217436
129225693
129227051
129219460
129225530
129225573
129233945
129229805
129216102
129231476
129234489
129229868
129231260
129235308
129233345
129223071
129225649
129228371
129218456
129222583
129228048
129223275
129224051
129222701
129224856
129224974
129234511
129231632
129233429
129234145
129219624
129227720
129227935
129235158
129229930
129221589
129226973
129227003
129226338
129220828
129225681
129228705
129231665
129223836
129220392
129218438
129217218
129217107
129221427
129227023
129226220
129227369
129232487
129234449
129215990
129226132
129225732
129234375
129229444
129231575
129229557
129229857
129224036
129224157
129229527
129229713
129224730
129229937
129226909
129232107
129222102
129229220
129223821
129217689
129227677
129220386
129221288
129216174
129216205
129223133
129222706
129223791
129227297
129226015
129219436
129222231
129218983
129227533
129227265
129226931
129217795
129217641
129230566
129228475
129229639
129220342
129230441
129221955
129217648
129220371
129227670
129218389
129216189
129218064
129219843
129218131
129219828
129224116
129233035
129223895
129220591
129222661
129227454
129229613
129223250
129225792
129227483
129228603
129231876
129234120
129222769
129216044
129235231
129224299
129234244
129228359
129234306
129232233
129216887
129216473
129233745
129218509
129225955
129226239
129230648
129226523
129226222
129230610
129217334
129225918
129216817
129216273
129226563
129222016
129218522
129218521
129233174
129233273
129234263
129222334
129224838
129225523
129224514
129224217
129227246
129231562
129217562
129221977
129216973
129223925
129228295
129233313
129220332
129231332
129229293
129233311
129225144
129224915
129231285
129229467
129224114
129231225
129216354
129223374
129222285
129230489
129226104
129221425
129229306
129226645
129220260
129217037
129217035
129232139
129234595
129232819
129234686
129226405
129222650
129217613
129218672
129224384
129224385
129223800
129216206
129226864
129224415
129229568
129226367
129232837
129219737
129216932
129216937
129222205
129231529
129231181
129229545
129221949
129221513
129223447
129218653
129220053
129231061
129234562
129229531
129229739
129233277
129221459
129230008
129221131
129225662
129218089
129224728
129224086
129220955
129220553
129220269
129229344
129225121
129223215
129229230
129218670
129232811
129217177
129227321
129230637
129221954
129217377
129216428
129231138
129218982
129218980
129235254
129220425
129221613
129225620
129217616
129218084
129224427
129225598
129216106
129216100
129219709
129216850
129217729
129230675
129230979
129229768
129228604
129232520
129234631
129215991
129229242
129230456
129234551
129217638
129218571
129219342
129232422
129231869
129217199
129221193
129218379
129224139
129218548
129224520
129225680
129231589
129220582
129225061
129222140
129226409
129233671
129223824
129229624
129220208
129218705
129219138
129219453
129226269
129231257
129226094
129226164
129229438
129216207
129225068
129231538
129230465
129219693
129231307
129222271
129225761
129227471
129224765
129218765
129217770
129232843
129230982
129229645
129229331
129229696
129221282
129220245
129235192
129222328
129225235
129225510
129220299
129220298
129225978
129221058
129226324
129228727
129233398
129227981
129231592
129232798
129227540
129231234
129216306
129229674
129229395
129221449
129232587
129228463
129228462
129224080
129217769
129218471
129220039
129232514
129229365
129226101
129222294
129234033
129226955
129232967
129220748
129235277
129225173
129231394
129222397
129219214
129217344
129219172
129219251
129222212
129217568
129220506
129227607
129227781
129229563
129228553
129226390
129233725
129223973
129216155
129229292
129217673
129220535
129229350
129221851
129233966
129222777
129224523
129233158
129216969
129223360
129222124
129216387
129220954
129219691
129221420
129224678
129230920
129217159
129224977
129226695
129218892
129227488
129223337
129224485
129226065
129216985
129221359
129225707
129223960
129227669
129221511
129231413
129219835
129229482
129229481
129227394
129234526
129219813
129228232
129229281
129227733
129229243
129216392
129224103
129230434
129234387
129235309
129235310
129224579
129223894
129226057
129224374
129226002
129226003
129229847
129217581
129219948
129216430
129227583
129231871
129228440
129224250
129224268
129217820
129225806
129225796
129225750
129220186
129226038
129217284
129218079
129220423
129216838
129216813
129226944
129219750
129225924
129216941
129217290
129229628
129229621
129225150
129221866
129231114
129227566
129226336
129233533
129225623
129216462
129216883
129225302
129232083
129216177
129216026
129231587
129223333
129221858
129220722
129221958
129216076
129218439
129220198
129226453
129217193
129233033
129216706
129217142
129223448
129229274
129221337
129226019
129226728
129228195
129218945
129222184
129229351
129224246
129221605
129232624
129227271
129220978
129224572
129233963
129226322
129226321
129226521
129226578
129226493
129231265
129231178
129230423
129220442
129225134
129218216
129227480
129226041
129220135
129224629
129224338
129216020
129221347
129234115
129234116
129218268
129228081
129233711
129216384
129223798
129229604
129234308
129216096
129224061
129224512
129231674
129225265
129234501
129216437
129227499
129229327
129232454
129225718
129217819
129216223
129228211
129228180
129227504
129216159
129226476
129229463
129220128
129224777
129230975
129226154
129222657
129220177
129222330
129223068
129218179
129222497
129220713
129234497
129227815
129220238
129217676
129225531
129228389
129220148
129218786
129224890
129220228
129230097
129224238
129224666
129221914
129220158
129218635
129235086
129229251
129235320
129233161
129217086
129231144
129231091
129219195
129220906
129225505
129226854
129229675
129217718
129224626
129223543
129223093
129223340
129231305
129220967
129226083
129226780
129225970
129222974
129233020
129223828
129229896
129229827
129219878
129220275
129220381
129226091
129229453
129229397
129218414
129234015
129229946
129220994
129222626
129225784
129226295
129232827
129228337
129228263
129231705
129234515
129233045
129220514
129230321
129217217
129225878
129226297
129228500
129223850
129224586
129231456
129224803
129217300
129225760
129234418
129226784
129222158
129222022
129223852
129230476
129223979
129221530
129216680
129219642
129235170
129234573
129220697
129233934
129233774
129223368
129227923
129225280
129226103
129220029
129226491
129219626
129221950
129233422
129234645
129222656
129221272
129225073
129224337
129233099
129225552
129223284
129228216
129219790
129220182
129227624
129234400
129225101
129216682
129216180
129224091
129229213
129217301
129226673
129222398
129228354
129221072
129216188
129221501
129233795
129229303
129217337
129234431
129234429
129234532
129221071
129228729
129225587
129227842
129234411
129225223
129216907
129219286
129231778
129220097
129231219
129225770
129222098
129233656
129225700
129219299
129234099
129235160
129234606
129225909
129221136
129227324
129232075
129231722
129234149
129219959
129217236
129220033
129216878
129219174
129217084
129230687
129216124
129224610
129225126
129226595
129227053
129218431
129220170
129224392
129224135
129224165
129220707
129222329
129221405
129216503
129225038
129234342
129217131
129217130
129234480
129221634
129219987
129233479
129233478
129231542
129220323
129231851
129234780
129229971
129230422
129225836
129221995
129221398
129228121
129230277
129231579
129225867
129227160
129220379
129220187
129220188
129231313
129228357
129231005
129225612
129233967
129234420
129222156
129231281
129229326
129217595
129230962
129216374
129218372
129225973
129226027
129220500
129225149
129225295
129222195
129224041
129223440
129231505
129230736
129225739
129233241
129219378
129222262
129233029
129226452
129225920
129233750
129221414
129232054
129224318
129217379
129224964
129225811
129227235
129218349
129224140
129221558
129220202
129216082
129220705
129231883
129231600
129227037
129232261
129233873
129219716
129219717
129231507
129231223
129229422
129231353
129226211
129223734
129224669
129229730
129228612
129221213
129232728
129235266
129234625
129225968
129216193
129216195
129231261
129224054
129224230
129231706
129216103
129234147
129233375
129229602
129229521
129216891
129224112
129229876
129227627
129223892
129222035
129221609
129221608
129218363
129223747
129228367
129219333
129219146
129233571
129216441
129224667
129224670
129219927
129225526
129225593
129225592
129230981
129232790
129220609
129225156
129225518
129230650
129229697
129231429
129224533
129233469
129216940
129233024
129217411
129221519
129225611
129224123
129218346
129227939
129218756
129219315
129220257
129221392
129226877
129224898
129219045
129221231
129217805
129224972
129222215
129224883
129225643
129220236
129218978
129217529
129225692
129222781
129217574
129227017
129232138
129234269
129219778
129234535
129222988
129229386
129223128
129228189
129217273
129217272
129217020
129219237
129220508
129224757
129229925
129219266
129220359
129234413
129218060
129225630
129221895
129227275
129230569
129220712
129224624
129229843
129222690
129226519
129216055
129221114
129235100
129216986
129220551
129221526
129233582
129221004
129224310
129222954
129218993
129218994
129235178
129222069
129230150
129230633
129223445
129220259
129224031
129229513
129230288
129220160
129226569
129226092
129220443
129219279
129219344
129218103
129223963
129234609
129217053
129226793
129234650
129228647
129218802
129229627
129229319
129224543
129222029
129218330
129226671
129224522
129230726
129223736
129220253
129224434
129231328
129216060
129227934
129221408
129220583
129224060
129224059
129222075
129223311
129222061
129227825
129222695
129221856
129221915
129224159
129228260
129215989
129216478
129228226
129217700
129232744
129234105
129221880
129226806
129218536
129224463
129230591
129222065
129231484
129225734
129228025
129233356
129230747
129235091
129217205
129226559
129226969
129227560
129222064
129229556
129217738
129221921
129233764
129224034
129230697
129224455
129226547
129223777
129231557
129235321
129228054
129222086
129222415
129225728
129225727
129227044
129225824
129220959
129231873
129221952
129221631
129232777
129228304
129219919
129221364
129221473
129228554
129218643
129216975
129235237
129223162
129225884
129220455
129222055
129221073
129221108
129225794
129223761
129224333
129231652
129222237
129225826
129230010
129230028
129221489
129230356
129220072
129227309
129220497
129233134
129225238
129216828
129217703
129227909
129221591
129221590
129222524
129224914
129235293
129229416
129217565
129222311
129222630
129227439
129216442
129218564
129230042
129218137
129224109
129224106
129229554
129216063
129225551
129225980
129231311
129221048
129215993
129216954
129222084
129216736
129227596
129225155
129229448
129216600
129235297
129221149
129216074
129229498
129224771
129224125
129219367
129231543
129218300
129235133
129222785
129231561
129220220
129226111
129222058
129226238
129223720
129217629
129216909
129230088
129216852
129224541
129232963
129223825
129218052
129216827
129230038
129226447
129229410
129232980
129216414
129228575
129218377
129231443
129226018
129231301
129222772
129225303
129225952
129222071
129217704
129229873
129221820
129217388
129219908
129217253
129220377
129223015
129231424
129217460
129229644
129229246
129223965
129220950
129230735
129218680
129217198
129217425
129227846
129223939
129225715
129228139
129217387
129218483
129226424
129221101
129218347
129227976
129220195
129229209
129216928
129224120
129229891
129220306
129225755
129224638
129223210
129220126
129224697
129232820
129221250
129216908
129223730
129222843
129218632
129218198
129218136
129217550
129231878
129231877
129221523
129229411
129217762
129222342
129230445
129231572
129218127
129227790
129233322
129227482
129219767
129234475
129215988
129234661
129224269
129227202
129229300
129219352
129225515
129233295
129218692
129224173
129222143
129222793
129229724
129219897
129230753
129217405
129228201
129227586
129222207
129224969
129222987
129218612
129218017
129217683
129221181
129222193
129224724
129224502
129224848
129225184
129226504
129233727
129233715
129219454
129229666
129229661
129219889
129234251
129221172
129219960
129221573
129223910
129217623
129225594
129221322
129231368
129229289
129229910
129229425
129230116
129234481
129218544
129220902
129230074
129222386
129220250
129229532
129224073
129226221
129226243
129229758
129229575
129235329
129233105
129235319
129227517
129226680
129220557
129226081
129222112
129217090
129222189
129220585
129215997
129217036
129221939
129222059
129227370
129222281
129233722
129219997
129222679
129225631
129226193
129226069
129225994
129230790
129225064
129217552
129223804
129224287
129223864
129230999
129232073
129229307
129230619
129228298
129231960
129229950
129231872
129217688
129219925
129221836
129217602
129232677
129228303
129227805
129232082
129227333
129221079
129219840
129231480
129228598
129225315
129232234
129222040
129219650
129218949
129229583
129222063
129224686
129225260
129220279
129223661
129223763
129225657
129224665
129228484
129222388
129222304
129230530
129217467
129227708
129230174
129225669
129225658
129229653
129231408
129222027
129227049
129225085
129229562
129221488
129226618
129224413
129217194
129229471
129229470
129229573
129225512
129225759
129217097
129217234
129234119
129225273
129221975
129222677
129229489
129216785
129224719
129235284
129231218
129223764
129222589
129234315
129227254
129228668
129222900
129226886
129232578
129221377
129218111
129230017
129225902
129222500
129217513
129216994
129235092
129235150
129231845
129224178
129224188
129234520
129219440
129233079
129232635
129222006
129219302
129229894
129229518
129228186
129222335
129220007
129222080
129234252
129227522
129222850
129215985
129217075
129219275
129225849
129229913
129223972
129234435
129225259
129224148
129229203
129221956
129216185
129220650
129227314
129234205
129227230
129228069
129231512
129219920
129230034
129223428
129219253
129216351
129217100
129227979
129234561
129221500
129221453
129231698
129222734
129221755
129217029
129223934
129228041
129233168
129217771
129229552
129216961
129225245
129228269
129220110
129221336
129228557
129222612
129225682
129227603
129228654
129219663
129222534
129226516
129219946
129222295
129217184
129229638
129222160
129232430
129222169
129229408
129228293
129226388
129222223
129230978
129217580
129216187
129227692
129234410
129217358
129233907
129227904
129219653
129227465
129225843
129218049
129219827
129225048
129217540
129226105
129233101
129226356
129232318
129227349
129221465
129224634
129231274
129231279
129219764
129231259
129222748
129220301
129230684
129218148
129222099
129222653
129217215
129225058
129234598
129233015
129222383
129224990
129234239
129223862
129234617
129217496
129230581
129220647
129225305
129227441
129228073
129220147
129230200
129226893
129220328
129225819
129224147
129224298
129218394
129220501
129217373
129224556
129231204
129227501
129229548
129220539
129222645
129224222
129227716
129218407
129228311
129229443
129223225
129217072
129222157
129226008
129220972
129217556
129222647
129226077
129229405
129224993
129224088
129219249
129216807
129227239
129230642
129226305
129224150
129216158
129225178
129217555
129217571
129217620
129225229
129229802
129222752
129231445
129227593
129229600
129229367
129227466
129221901
129232375
129218953
129216733
129216099
129228346
129229959
129219210
129226064
129217509
129228399
129216299
129227730
129228235
129225733
129232688
129227476
129222224
129226185
129218569
129222021
129225782
129219292
129224225
129227654
129216926
129222540
129219858
129227545
129226637
129220496
129231768
129226216
129226539
129233334
129233430
129217515
129218209
129227836
129220439
129229247
129228038
129229282
129234434
129224307
129222129
129221342
129222293
129217542
129223920
129232559
129233570
129226464
129229369
129222529
129234196
129226311
129227766
129225748
129220473
129233218
129231384
129219395
129231803
129216093
129217450
129232724
129216120
129216643
129226663
129228114
129232752
129225668
129218158
129217245
129224810
129222535
129233511
129223964
129223233
129216378
129229903
129229821
129225508
129234574
129228026
129225906
129227758
129221583
129233536
129221385
129229301
129216649
129224255
129219883
129224196
129219786
129217633
129224949
129225201
129229460
129220353
129230047
129231867
129232722
129216625
129217694
129216203
129221600
129223317
129225687
129229534
129221215
129227382
129221671
129227699
129224611
129229475
129221903
129216990
129219670
129220984
129221586
129235299
129221537
129217711
129222141
129216051
129216569
129225885
129224257
129219894
129220569
129222682
129232136
129219821
129227458
129228464
129229735
129230509
129217250
129225093
129221107
129219817
129218234
129232816
129232814
129222873
129224096
129225122
129234406
129231755
129231275
129225807
129229705
129225094
129230604
129231145
129232401
129227353
129217472
129234128
129229427
129217335
129219610
129224017
129222176
129226298
129233683
129218154
129227671
129229839
129232638
129221549
129216997
129222520
129217546
129227869
129230663
129219984
129219986
129225511
129219327
129224347
129218405
129234583
129223935
129217310
129216991
129220336
129225946
129231550
129222807
129225703
129222316
129222380
129225965
129229720
129229709
129221854
129218708
129227479
129224439
129235038
129229634
129231464
129225645
129228092
129227106
129220229
129226732
129224557
129218695
129220536
129222005
129219294
129221160
129229216
129216851
129225253
129229465
129221985
129221100
129231247
129231246
129222041
129229381
129234415
129225532
129222382
129228268
129225522
129231797
129216786
129220915
129221652
129231310
129234436
129227357
129223812
129225608
129217066
129223753
129220074
129230177
129220842
129219787
129226748
129217374
129227423
129223834
129220284
129219761
129219747
129219646
129222087
129230983
129230984
129231048
129232604
129229218
129225916
129229355
129224380
129234187
129232825
129229291
129227531
129232351
129224189
129229455
129234554
129234167
129218445
129233970
129228572
129227712
129218539
129223286
129220175
129234486
129228473
129229590
129220502
129227363
129227727
129231410
129219705
129218886
129221481
129227249
129229852
129227025
129222924
129226387
129235232
129221356
129230752
129224400
129218555
129235090
129218422
129232476
129220648
129231504
129231568
129227364
129228281
129222444
129229986
129221310
129224283
129227745
129232575
129229337
129224304
129217116
129221260
129224237
129229725
129229294
129227819
129218455
129227386
129219498
129227829
129223331
129228564
129223940
129234571
129230419
129217329
129225691
129227797
129222315
129232142
129226648
129224515
129221441
129221561
129217294
129233007
129231340
129225613
129217318
129225306
129226048
129227300
129217728
129227843
129225873
129221251
129230641
129225304
129234395
129224094
129224488
129227487
129225519
129234018
129229566
129224540
129227564
129217002
129226374
129229647
129226861
129232653
129226288
129225797
129220594
129231636
129216252
129227731
129228491
129217175
129225618
129217468
129225950
129219875
129221300
129229694
129225713
129225714
129217330
129227041
129230055
129220020
129229619
129216200
129224049
129224100
129224909
129219998
129225533
129227668
129233512
129224341
129220524
129225848
129231399
129218116
129218504
129226034
129229235
129220268
129223842
129219108
129223086
129217462
129227798
129221388
129227676
129219964
129231875
129227378
129231031
129220095
129216091
129227551
129225833
129234392
129221120
129226381
129231944
129215996
129216963
129229936
129235291
129216862
129225769
129229267
129221925
129232788
129221707
129232593
129226549
129221536
129228044
129231812
129227428
129224576
129225763
129233786
129230333
129216645
129235228
129229589
129224498
129228387
129227057
129222973
129224722
129224723
129225678
129228385
129230722
129218147
129222392
129219671
129231212
129218482
129222287
129218678
129234690
129216946
129225520
129230162
129226629
129229652
129216239
129222643
129220489
129233665
129216232
129217202
129225907
129227400
129231063
129234572
129220472
129229687
129232633
129235278
129234423
129226039
129217230
129220779
129232431
129226958
129222097
129230605
129235194
129233803
129227592
129217031
129216240
129227447
129219945
129227980
129223866
129231478
129217227
129218015
129224936
129228382
129228111
129229285
129222556
129232165
129221147
129219749
129225577
129222266
129221863
129219268
129224151
129225800
129229207
129235282
129225055
129234442
129225846
129216901
129223740
129223867
129224671
129222068
129225003
129228100
129224684
129223355
129222115
129231222
129220292
129228104
129223409
129224084
129232359
129217433
129227231
129224141
129223142
129217557
129221440
129221864
129227269
129217626
129227587
129224545
129234688
129222425
129222265
129226967
129216931
129225974
129220312
129220664
129221266
129222692
129224590
129228182
129225222
129225143
129233132
129228396
129224349
129226418
129223098
129224806
129234679
129227396
129218272
129217196
129223816
129221163
129217732
129217484
129222469
129219725
129215998
129220870
129229215
129222455
129232796
129217347
129230358
129217061
129217209
129225847
129223870
129229582
129220149
129221148
129232810
129230694
129230043
129232553
129219223
129224470
129218494
129226085
129230571
129216855
129221869
129232594
129222429
129235323
129217043
129224412
129217719
129216165
129216015
129229379
129223039
129229413
129220847
129225204
129220302
129216915
129229755
129222091
129225898
129227726
129218684
129235311
129225565
129221188
129226566
129229567
129224128
129225274
129226508
129235276
129221626
129223406
129233376
129225679
129227506
129231588
129219000
129218964
129223424
129224276
129228227
129219666
129233802
129230848
129231342
129230822
129222638
129220952
129233527
129222042
129233526
129217512
129216027
129224221
129218406
129227785
129232806
129227880
129232911
129221316
129220194
129220117
129232127
129219823
129231357
129222461
129219975
129219977
129225780
129219871
129233742
129227802
129229321
129223915
129217197
129225230
129229312
129216172
129234246
129233919
129228355
129221607
129221142
129227040
129224101
129228552
129230607
129229529
129227645
129221461
129231585
129219981
129220237
129219676
129227574
129228579
129229231
129216582
129229851
129220378
129227478
129233388
129229823
129225388
129229284
129224796
129234156
129226121
129229650
129222882
129224526
129231821
129218654
129216866
129225905
129227725
129233017
129222816
129234552
129217080
129221940
129217296
129231421
129230402
129219658
129228262
129224707
129224064
129234518
129218606
129220081
129226953
129220365
129217637
129225097
129226107
129222641
129223936
129229560
129218659
129227326
129219993
129230576
129216050
129221592
129219850
129218027
129230234
129222853
129230432
129224637
129232337
129234577
129228140
129230698
129230699
129230649
129227031
129230660
129232459
129219424
129230266
129229304
129233028
129235124
129228600
129219163
129216754
129234407
129224585
129217319
129234474
129229980
129227285
129218588
129221200
129232801
129222555
129230624
129226082
129219752
129218530
129230635
129219903
129217117
129233317
129220028
129226378
129224496
129221860
129217664
129222270
129218184
129234549
129229631
129221308
129218463
129224037
129227576
129234192
129216212
129218515
129229332
129221550
129228569
129222030
129219274
129216347
129230710
129219892
129224564
129222034
129220917
129224452
129216598
129233150
129217343
129227955
129224892
129220105
129232327
129230066
129235172
129230717
129217174
129217563
129227186
129228709
129221581
129217291
129222588
129227243
129231610
129217511
129217510
129216266
129223896
129222803
129227318
129229955
129224596
129217023
129223982
129227776
129221353
129217391
129216642
129224518
129217653
129222795
129216153
129221390
129224119
129223810
129217038
129221593
129225798
129220451
129224108
129235218
129226526
129233173
129221117
129221419
129227623
129226076
129230645
129217593
129225139
129217655
129224681
129226000
129217122
129217006
129218529
129231268
129228257
129232568
129221616
129217098
129218257
129217547
129219278
129227338
129227348
129216150
129225420
129229997
129229998
129222827
129227985
129217553
129217520
129221218
129216284
129223033
129218123
129230738
129231324
129222051
129221127
129224446
129224445
129224657
129224549
129230090
129223951
129227247
129218604
129232597
129225324
129234660
129225576
129226571
129224530
129221612
129222241
129224155
129221928
129225053
129229272
129226028
129217572
129218507
129228445
129223135
129223136
129222048
129227744
129234626
129220742
129222353
129231761
129220303
129220982
129224465
129228282
129217394
129232477
129224473
129223926
129225546
129225686
129218373
129229393
129233746
129230622
129230369
129226127
129226470
129217052
129221293
129232557
129225317
129234177
129226848
129225998
129219972
129217376
129218156
129226950
129222119
129230020
129217257
129216169
129231076
129221484
129226588
129221185
129232623
129229504
129222001
129222640
129234648
129224381
129228210
129228212
129234512
129219736
129228109
129232733
129220006
129233858
129232649
129228264
129234491
129225210
129229426
129220680
129225616
129221597
129228106
129225506
129219335
129225894
129218649
129232345
129225569
129230076
129233022
129220746
129229499
129232357
129224717
129224668
129226421
129221123
129217746
129224503
129233157
129225198
129225868
129234237
129220171
129230236
129226585
129217295
129221373
129223439
129223438
129234663
129226674
129234437
129233737
129219680
129224597
129223802
129221963
129226116
129229396
129223168
129226444
129216544
129217612
129234250
129230629
129217186
129226148
129231885
129222105
129234567
129225595
129231016
129227459
129226190
129233107
129220372
129232381
129235272
129235207
129230160
129217665
129228313
129220774
129227329
129229366
129226434
129224227
129223351
129235122
129225721
129220394
129220603
129231760
129231679
129232079
129223436
129227236
129222186
129222214
129220281
129229789
129231152
129222088
129220215
129231650
129220805
129234627
129217173
129224229
129235180
129225676
129231010
129216939
129219659
129227635
129230505
129230035
129227557
129217693
129223855
129233900
129221637
129221232
129216698
129216943
129234388
129226319
129226564
129216288
129216292
129222284
129217506
129234570
129224663
129225116
129231173
129223101
129222826
129229402
129227519
129226413
129224641
129223767
129230728
129229728
129221452
129234408
129230980
129223913
129229640
129229260
129220344
129231296
129223908
129220125
129217576
129224209
129217459
129216792
129217470
129227496
129217010
129219397
129218461
129217030
129234607
129226605
129222013
129225667
129235318
129222786
129217521
129222322
129220948
129227922
129232407
129230743
129221907
129223446
129217240
129229298
129216003
129216001
129225910
129222665
129222508
129218820
129217757
129219228
129224378
129222407
129218276
129221396
129220289
129222649
129224692
129220464
129222116
129229872
129226046
129227717
129218687
129223989
129235118
129235119
129227618
129217473
129230739
129231426
129219842
129216250
129217148
129220181
129234522
129222387
129221602
129217297
129223770
129224404
129229439
129225900
129233564
129228318
129227811
129233935
129229804
129227514
129220503
129224501
129216980
129231799
129229914
129233455
129230679
129217057
129229353
129217446
129235137
129220800
129224315
129223400
129224193
129217028
129226079
129219290
129229880
129216888
129222664
129224491
129218498
129217143
129227632
129229558
129227339
129226030
129227594
129220200
129216411
129221994
129220216
129224328
129234459
129227735
129227799
129225908
129229766
129220146
129222138
129222292
129216860
129216870
129222314
129225169
129217265
129230678
129225275
129223342
129228305
129221967
129224006
129221514
129223315
129229374
129232463
129227430
129224578
129216057
129222032
129234581
129216748
129234021
129224619
129222696
129227010
129221525
129222155
129220278
129222590
129227295
129227584
129229969
129225636
129217672
129221245
129232400
129226459
129229279
129229280
129217088
129224468
129221582
129229620
129226087
129224577
129222783
129219679
129222110
129222209
129216071
129230729
129223229
129227662
129220166
129218046
129233908
129222100
129224405
129234253
129233702
129218238
129220337
129229926
129218905
129222117
129216918
129227614
129220142
129222542
129222331
129222070
129216952
129217742
129221585
129226375
129223877
129220310
129225832
129225831
129219713
129219712
129220038
129235031
129222181
129218335
129228261
129222740
129228405
129217531
129222226
129217422
129225589
129215999
129220931
129217657
129230068
129227749
129218525
129227841
129220270
129220027
129224115
129231427
129220249
129234441
129224314
129233808
129229510
129222606
129222800
129223411
129222991
129231386
129232070
129226625
129226943
129219739
129232813
129224028
129220262
129229862
129224534
129229469
129217667
129217705
129218039
129225246
129217155
129216396
129222120
129221157
129227054
129219465
129223408
129218059
129217731
129221884
129228646
129219282
129223928
129225252
129218491
129223999
129217204
129220630
129221164
129230695
129220035
129226581
129222847
129229719
129217019
129228308
129229807
129233881
129233842
129225716
129231227
129221307
129217359
129220051
129226442
129219999
129224857
129232098
129225659
129228168
129217597
129220749
129221354
129232779
129223987
129221639
129235286
129218790
129229320
129221859
129220527
129225799
129231774
129220550
129216007
129217271
129220971
129224321
129227463
129222608
129230255
129219385
129231802
129225633
129227360
129220326
129225525
129231286
129227929
129220047
129219810
129227682
129232842
129231553
129225962
129223483
129229856
129227512
129218409
129229668
129226622
129225499
129217440
129227784
129234183
129220227
129217766
129222575
129229334
129217114
129222780
129227016
129216083
129225112
129225943
129225944
129220133
129225199
129230712
129234494
129217180
129225078
129218175
129234398
129233250
129231217
129222280
129221986
129222175
129227335
129227233
129229516
129221999
129224660
129223404
129230806
129219702
129228053
129228297
129225709
129229860
129231272
129224715
129218006
129222341
129219974
129218259
129229657
129228728
129217005
129221853
129234649
129233103
129216121
129223214
129221629
129220383
129216735
129229587
129226014
129217288
129217289
129220335
129221617
129228116
129229252
129225896
129222076
129229287
129229387
129219530
129217004
129230750
129217216
129230577
129219243
129216989
129233718
129224272
129217133
129234259
129221504
129220280
129218196
129221233
129220996
129234541
129222204
129233743
129217368
129218511
129220205
129222054
129218497
129220477
129229829
129224466
129227368
129225754
129224802
129219684
129222394
129228083
129217274
129221268
129224027
129229572
129229949
129227685
129230874
129221137
129228184
129224187
129224552
129220218
129226380
129223858
129227272
129225290
129233744
129224305
129219935
129221005
129227751
129230643
129217106
129223954
129217367
129220730
129217103
129228665
129225285
129232684
129216078
129227775
129217145
129221206
129226106
129221097
129234669
129219922
129220231
129226332
129225757
129223270
129223918
129216081
129223066
129223069
129229385
129234211
129226528
129227537
129229222
129216956
129229354
129216282
129224330
129221622
129221318
129226916
129222862
129218107
129222003
129235244
129223957
129224266
129220465
129219459
129218664
129222130
129225138
129220375
129229890
129230280
129229368
129234432
129225308
129225838
129224639
129217059
129221327
129229297
129223907
129221334
129225123
129225840
129222023
129234312
129222848
129231376
129225891
129220390
129223900
129226273
129218633
129226115
129231594
129222831
129226594
129223059
129217146
129225881
129224603
129220877
129221483
129235149
129227410
129227602
129229456
129219777
129222008
129233937
129219884
129233668
129232093
129227987
129227221
129222307
129221162
129220308
129229664
129224394
129225153
129219969
129216281
129222427
129220456
129219678
129233229
129217099
129220313
129224075
129221470
129224836
129229982
129225993
129222939
129218619
129227849
129223414
129226932
129224500
129226499
129229217
129232399
129225607
129224528
129229957
129226593
129220422
129218333
129220124
129227763
129228094
129222794
129231289
129234502
129230606
129227559
129222028
129230704
129228035
129227791
129226293
129233360
129219722
129217168
129218531
129222217
129226500
129217541
129234106
129221653
129224537
129227292
129229729
129225286
129222395
129232784
129223735
129229630
129221596
129233933
129221169
129228333
129221413
129217421
129221406
129234601
129230707
129224022
129235148
129221945
129220008
129217551
129224201
129234136
129233491
129216319
129222339
129216871
129221868
129216880
129229614
129224195
129218554
129224559
129234352
129220305
129225683
129222014
129231147
129223737
129225617
129225744
129224558
129233014
129223897
129222617
129219879
129224249
129217270
129221640
129231847
129230732
129226574
129223421
129233759
129220346
129227303
129225844
129235153
129224739
129218113
129227409
129222007
129231236
129223291
129227373
129217064
129219164
129233677
129222113
129218546
129218618
129217312
129229678
129218016
129217266
129217489
129229777
129219762
129229874
129221095
129217543
129230715
129226088
129224010
129220387
129224296
129221367
129230621
129227555
129219734
129223749
129224642
129229360
129219893
129222298
129220369
129221947
129220685
129222203
129222577
129222233
129219452
129225828
129226236
129223859
129233043
129229976
129221927
129233271
129223945
129227484
129220219
129227362
129225258
129229496
129234396
129227313
129228266
129229648
129229748
129229501
129225547
129230974
129233026
129219688
129221265
129221015
129224575
129221270
129230184
129225661
129230345
129229392
129229836
129220242
129234067
129226455
129224429
129222308
129234006
129230473
129216196
129230580
129227511
129229848
129222225
129230046
129229689
129217231
129226035
129221182
129222389
129229283
129225913
129232675
129216246
129216247
129230220
129225170
129232612
129227407
129216741
129218189
129234301
129222236
129222192
129224662
129224661
129222178
129224958
129232364
129232608
129218995
129234675
129227485
129222619
129216047
129227440
129224454
129222883
129217527
129230102
129234647
129231500
129218083
129227510
129217456
129228316
129227639
129222360
129222582
129227469
129224459
129228291
129222325
129227435
129229775
129216230
129222451
129220123
129229522
129234642
129234134
129223042
129216960
129220319
129226607
129222131
129232527
129234462
129234162
129229750
129234468
129220157
129222148
129229477
129224713
129229893
129231835
129234223
129224383
129234628
129229615
129217128
129229595
129216064
129229400
129224444
129216988
129223904
129220523
129231501
129232066
129218457
129224569
129226194
129233040
129224372
129218219
129223526
129234548
129217614
129225883
129222133
129224240
129226497
129224177
129226431
129227999
129233741
129217385
129231406
129223917
129219197
129218605
129233394
129227436
129223950
129224774
129228719
129215983
129223994
129230490
129227848
129227887
129225106
129225107
129222642
129234419
129226074
129216234
129217264
129220217
129219184
129233796
129225882
129224002
129225113
129230021
129222716
129224699
129216041
129224548
129220483
129221093
129226422
129229330
129229887
129233059
129229571
129232550
129222857
129226518
129234182
129224052
129233465
129232441
129220764
129222127
129225793
129225791
129220221
129222717
129225931
129217158
129229372
129230514
129216570
129234207
129231129
129233568
129225301
129231148
129229591
129224393
129226047
129234530
129224979
129222363
129219664
129229401
129223090
129217554
129225566
129225655
129234180
129229989
129233918
129220041
129234593
129218115
129227734
129220343
129228309
129229665
129223380
129228148
129222092
129228149
129220088
129220086
129229999
129218629
129222420
129230562
129221244
129230462
129230084
129217662
129232132
129221886
129234604
129218459
129221560
129224396
129230157
129225524
129221311
129220367
129224020
129221766
129223980
129216904
129223854
129220287
129220244
129231437
129223431
129229588
129218320
129231409
129221184
129227796
129224582
129234482
129217242
129216031
129226535
129217458
129229884
129224000
129231758
129231082
129227830
129217070
129230048
129225874
129217241
129226425
129217339
129229869
129219456
129226579
129229670
129222953
129234439
129234635
129217539
129234641
129224830
129234222
129224736
129220837
129227565
129229867
129224142
129220429
129223125
129223796
129230216
129231552
129233117
129230023
129224612
129232140
129217016
129216178
129220484
129234488
129225740
129228101
129228031
129222275
129228550
129222072
129228051
129234608
129228426
129226827
129227732
129229800
129219349
129234440
129235294
129232505
129234616
129216913
129216131
129225775
129222594
129223430
129230061
129220814
129224560
129230393
129222107
129225622
129225023
129217453
129217212
129216092
129230119
129220252
129234299
129225231
129226913
129228130
129235123
129222465
129227688
129229431
129230052
129216591
129217340
129221358
129223306
129219965
129230936
129216717
129219728
129226025
129221013
129230140
129227383
129219160
129217443
129234175
129216448
129218151
129231750
129228113
129231522
129218662
129231302
129231096
129224839
129233199
129223070
129226477
129227835
129227613
129228249
129228574
129225772
129224988
129219392
129227530
129216114
129218620
129231207
129235327
129233923
129222819
129227418
129226488
129220407
129219120
129224401
129227588
129223962
129217619
129219316
129221371
129232346
129221174
129231471
129228217
129229864
129222467
129218312
129222735
129231051
129217734
129222188
129229278
129228089
129228037
