129217315
129217314
129218517
129218458
129230625
129224428
129224698
129224553
129224111
129224430
129224409
129226052
129218263
129230748
129230519
129217412
129221281
129229382
129224327
129230682
129229907
129221128
129219697
129220099
129227393
129225340
129229680
129216914
129220871
129226009
129225281
129227063
129227739
129234279
129235181
129231441
129225307
129234672
129224197
129228157
129232097
129217078
129217079
129227356
129221201
129227580
129228142
129233781
129223783
129234264
129223423
129219015
129216840
129229507
129226096
129225573
129233945
129227720
129235158
129226338
129221427
129224036
129222102
129217689
129221955
129218389
129222661
129218509
129220260
129234686
129216206
129220553
129229768
129230982
129227981
129221449
129218471
129228553
129218892
129223337
129225707
129227394
129228232
129226038
129227566
129228211
129228180
129220128
129224238
129224626
129222974
129220514
129224041
129223440
129234625
129224230
129219333
129227017
129219778
129226092
129229627
129224434
129231328
129222075
129221856
129221489
129231311
129235297
129231424
129224848
129217623
129222679
129226193
129226069
129225994
129221836
129223661
129227708
129229653
129222677
129234315
129224178
129224188
129220301
129225305
129230642
129229301
129222141
129227869
129227531
129221481
129227364
129230641
129219964
129216091
129232593
129230162
129226039
129232431
129217227
129219268
129224151
129221440
129221163
129222469
129225847
129225898
129235276
129219823
129221142
129222882
129231421
129223936
129221550
129228569
129221616
129234660
129224155
129226127
129225506
129234237
129231016
129233107
129217665
129220394
129231679
129217173
129227519
129235318
129217446
129221994
129227295
129230729
129220166
129218905
129222117
129220142
129222542
129224115
129222800
129222991
129219739
129223928
129222847
129231553
129229856
129217114
129230806
129219974
129229657
129216735
129221617
129229252
129229387
129217216
129220730
129217103
129223918
129229385
129221622
129220465
129225138
129225881
129226499
129225607
129226593
129220124
129230607
129230606
129226500
129222339
129218554
129225617
129224249
129230732
129218113
129231236
129219164
129224010
129222298
129222203
129233026
129219688
129224260
129224429
129230473
129222225
129232675
129216246
129216247
129222192
129217456
129222360
129222582
129228291
129222131
129234462
129231835
129223526
129218522
129218521
129217158
129226047
129222363
129223090
129222420
129217662
129223854
129231409
129229869
129224612
129217453
129218662
129223070
129231471
129228217
