129219841
129230599
129229740
129230719
129229378
129224542
129227599
129217691
129223329
129222854
129224371
129226923
129220321
129220715
129228237
129225179
129227064
129222742
129230486
129218723
129217281
129216009
129227663
129228029
129232192
129231419
129231241
129219726
129224223
129217486
129224046
129235208
129227288
129222357
129229577
129225869
129216899
129217786
129220541
129231576
129229459
129217220
129233910
129224760
129216368
129219391
129231860
129217499
129218644
129222276
129227728
129231397
129223429
129231675
129217806
129229580
129216775
129226112
129221294
129219860
129227244
129220661
129225839
129225975
129231392
129225174
129234124
129217056
129224024
129234594
129226135
129227834
129227546
129227445
129227279
129229574
129228466
129223275
129224856
129217218
129234375
129231575
129229527
129229713
129229220
129227265
129217795
129228475
129224299
129217334
129222016
129228295
129229293
129231285
129226104
129232139
129234595
129232819
129218672
129226367
129232837
129216932
129216937
129222205
129218089
129235254
129225620
129224427
129219342
129221193
129219138
129221282
129227540
129216306
129228463
129228462
129233725
129223973
129217159
129226065
129226057
129226944
129220722
129216706
129225970
129219878
129220029
129221272
129225552
129225909
129230277
129233241
129231353
129226211
129216103
129233024
129217574
129220712
129222069
129230150
129230633
129220583
129227439
129217629
129225594
129231218
129232635
129220007
129227230
129226539
129231803
129227458
129225093
129221160
129218455
129219498
129234571
129229647
129224049
129227428
129228385
129227447
129230358
129220302
129218684
129220117
129235218
129230645
129227338
129227348
129218507
129231076
129225210
129234663
129221963
129216792
129217470
129218498
129227735
129228261
129231386
129224028
129217155
129216396
129217180
129225896
129225285
129216281
129222939
129216871
129231847
129217064
129233271
129229848
129222389
129228316
129227435
129234134
129216064
129226194
129222857
129222717
129228149
129226535
129220814
129231096
129221371
129222735
129228037
