129217362
129227875
129229511
129228219
129234603
129222514
129228518
129227059
129220427
129234579
129228687
129223346
129223840
129232560
129220784
129227562
129216903
129216995
129230095
129220414
129223914
129217085
129225948
129227294
129225554
129227885
129231211
129216097
129224036
129216174
129219436
129222231
129222334
129225586
129228520
129229404
129235273
129231138
129230192
129217130
129217131
129219813
129221296
129235267
129224586
129232453
129229581
129231482
129229213
129220666
129231785
129217304
129227698
129224041
129234147
129229697
129222069
129230150
129230288
129218802
129220004
129219463
129229255
129225584
129223729
129231251
129222937
129227846
129229249
129229575
129221377
129229894
129229518
129217450
129224949
129232534
129224488
129224077
129217463
129234121
129217196
129229413
129234245
129222882
129221218
129229837
129221907
129222794
129216849
129220437
129220407
129218312
129218464
