129217362
129227961
129226755
129226301
129226451
129225899
129220710
129230172
129229682
129228110
129225876
129225875
129226513
129227704
129229511
129228219
129235162
129234603
129222514
129220138
129228518
129227059
129220427
129234579
129228687
129223346
129223884
129223840
129232560
129226290
129220784
129216995
129229458
129230095
129225948
129218488
129227294
129219357
129217183
129234268
129223115
129227452
129216522
129225785
129219744
129229265
129216097
129220814
129224761
129227219
129216174
129221357
129233789
129220376
129232233
129222528
129220816
129235139
129225586
129228520
129229404
129224911
129235273
129223959
129218492
129218089
129223835
129225831
129231138
129218200
129221957
129228183
129230192
129224847
129225726
129217130
129217131
129233063
129224835
129223881
129224925
129226002
129226003
129221296
129228084
129227779
129225517
129216415
129230700
129227700
129222369
129221861
129225185
129217041
129232453
129229581
129220666
129235317
129231785
129227046
129222533
129217304
129224170
129227698
129232151
129228573
129227568
129227569
129224029
129218242
129227573
129220004
129219463
129229255
129225584
129232130
129223729
129222096
129218676
129223378
129231251
129222937
129232055
129228472
129227846
129234160
129229249
129222539
129221471
129216923
129234017
129231911
129228435
129216933
129227298
129227434
129216149
129234083
129229253
129232534
129222170
129234212
129224077
129231783
129217463
129234121
129227628
129234245
129217573
129231229
129222208
129229616
129225114
129229837
129227416
129225829
129224127
129222934
129216849
129219300
129220437
129220407
129216485
129226471
129218464