129232144
129217012
129227284
129227793
129233021
129227523
129217362
129217825
129221291
129231815
129219907
129226789
129231477
129231440
129231513
129226736
129227961
129220936
129219841
129223072
129224782
129225870
129226327
129222010
129216283
129221152
129216293
129235109
129235108
129218428
129219418
129225190
129228457
129220187
129220188
129221297
129232663
129222721
129231270
129223806
129227954
129217315
129217314
129231827
129219230
129232433
129230599
129229740
129230719
129229378
129219085
129224153
129224208
129224256
129222738
129218517
129231090
129231370
129227649
129227719
129232051
129220065
129221450
129224281
129231089
129226340
129229398
129216361
129216356
129216357
129222464
129222066
129224441
129217522
129226755
129226301
129226451
129225899
129226355
129216681
129224542
129228218
129223377
129227622
129222532
129216867
129232564
129224928
129226267
129226268
129220888
129220296
129231574
129234135
129232071
129220293
129234266
129235179
129223157
129232232
129232236
129223140
129217280
129223149
129233751
129218395
129218682
129218458
129226541
129230105
129227814
129227550
129224499
129235326
129232552
129232541
129226547
129228108
129232821
129232829
129216480
129217716
129227526
129216033
129227697
129228040
129231112
129230387
129230388
129235223
129221389
129219417
129223432
129221874
129222267
129220406
129228432
129235117
129219913
129217021
129220560
129225702
129222759
129224532
129222174
129231105
129225137
129231428
129233532
129216895
129222727
129222960
129234397
129219161
129231468
129227599
129230348
129226631
129226492
129216144
129228134
129226844
129225988
129234471
129217804
129223890
129223906
129220710
129222496
129225013
129228536
129224428
129224698
129224553
129224111
129224430
129224409
129218447
129230172
129229682
129219215
129220240
129220023
129220347
129229601
129225262
129233137
129217846
129231666
129217691
129231364
129231817
129229801
129220214
129226858
129220643
129232157
129228712
129228714
129228713
129228091
129228063
129224200
129222547
129220204
129220273
129231150
129229753
129227253
129228707
129228110
129216578
129227875
129226415
129228247
129227737
129220112
129220460
129219800
129221493
129220355
129223329
129222854
129230012
129225133
129229476
129224085
129229523
129234378
129231713
129221006
129216615
129228650
129227259
129219419
129226908
129229491
129229474
129232435
129230556
129217024
129229561
129222228
129221655
129225157
129225158
129229511
129228219
129221349
129229383
129217759
129226070
129232805
129228369
129220178
129229781
129229651
129217009
129234104
129225504
129234493
129225008
129223952
129226177
129229375
129230749
129230748
129226060
129226061
129226993
129226433
129219309
129234224
129220255
129224371
129216549
129227252
129220137
129216215
129216604
129226923
129218144
129220321
129220715
129220331
129232091
129232621
129235162
129217363
129218559
129219216
129234236
129223976
129218398
129222860
129228515
129221889
129223193
129219851
129234603
129235289
129222514
129226634
129218700
129234314
129227861
129218125
129231369
129226203
129218859
129220152
129230744
129219648
129230467
129220783
129234636
129217350
129217293
129217129
129218468
129224001
129217666
129219350
129226337
129223095
129222631
129232769
129223096
129235242
129228237
129228136
129222186
129222214
129219694
129226341
129217735
129217151
129233573
129234071
129223397
129224323
129216216
129216224
129220755
129220138
129218502
129219455
129222173
129218474
129219802
129221517
129220084
129218030
129230586
129218220
129223991
129220404
129222487
129219770
129234220
129229808
129231548
129231555
129227598
129227278
129224309
129223961
129228518
129227878
129225074
129228205
129231221
129231521
129226587
129216978
129218040
129218691
129224891
129231582
129224581
129222742
129222601
129225183
129222948
129217322
129226939
129220635
129231745
129230270
129219795
129219805
129230271
129231094
129223883
129219910
129227437
129217478
129220488
129224764
129230486
129231250
129221024
129231278
129222844
129233306
129230062
129235004
129224213
129231248
129216521
129227696
129228461
129228551
129225151
129231766
129228510
129234131
129219007
129226510
129227059
129216138
129220785
129222567
129226572
129217545
129218723
129231143
129234540
129229828
129220180
129216968
129234292
129220427
129228402
129228096
129217364
129231295
129216732
129222708
129224942
129228628
129227039
129225982
129224118
129229358
129229826
129225148
129216734
129231536
129228512
129221960
129227340
129227663
129228029
129235330
129222615
129221261
129226999
129225076
129222136
129229359
129216213
129223613
129226818
129225641
129234200
129218972
129222151
129235227
129233170
129226965
129226962
129223081
129226365
129220499
129221069
129227524
129229163
129228234
129228562
129228555
129217439
129226511
129229927
129224387
129221412
129220658
129223742
129234579
129220085
129231146
129231842
129229622
129223969
129230173
129231041
129228379
129225674
129220498
129234204
129222291
129231586
129232822
129235126
129229540
129229248
129221281
129219364
129230070
129219900
129229702
129231681
129230559
129230558
129231071
129230114
129235252
129228581
129228687
129232192
129234132
129216873
129235193
129216034
129219306
129218208
129218411
129231828
129230613
129224211
129229791
129224759
129230370
129230727
129224425
129220520
129232457
129222336
129224131
129219283
129224467
129216135
129229382
129224327
129235098
129228194
129235189
129221547
129222504
129219726
129230733
129232493
129234098
129221485
129223269
129221993
129224479
129234129
129230096
129223346
129226742
129224223
129224069
129223884
129226372
129227675
129226117
129226414
129218261
129216110
129216111
129230682
129229907
129224737
129225789
129225638
129230541
129224948
129228285
129221865
129223840
129225936
129226206
129226204
129231203
129233660
129216897
129216225
129220526
129216075
129229500
129230665
129226612
129230690
129228404
129216607
129220468
129226639
129224046
129230024
129235174
129217807
129216314
129224910
129225572
129231759
129221186
129235208
129216340
129231267
129216208
129216029
129220189
129218541
129218063
129230458
129221418
129227742
129232560
129229415
129221210
129231201
129227288
129226290
129216151
129224763
129233447
129228030
129220937
129223822
129220099
129222296
129222845
129225751
129226679
129220784
129220233
129227562
129234458
129233128
129216889
129217797
129221274
129222820
129233694
129216269
129221341
129229577
129225282
129217585
129218603
129226285
129231362
129231455
129220163
129233139
129218245
129234473
129234524
129221278
129217408
129228677
129216903
129225436
129216995
129234633
129217262
129229458
129233289
129223000
129223813
129220159
129219898
129221584
129219343
129222132
129232274
129227377
129222067
129232775
129227065
129227032
129224592
129226678
129230444
129228696
129227393
129233658
129233408
129226548
129231775
129216762
129216899
129223815
129223814
129217786
129230095
129220433
129218840
129225077
129220541
129219247
129216475
129218979
129231418
129227998
129218199
129218435
129219886
129222263
129222856
129232451
129232446
129229537
129220115
129219703
129231659
129232340
129227813
129229752
129219758
129218596
129225604
129229680
129220151
129219856
129216090
129229528
129226202
129219091
129229952
129217220
129227296
129235085
129223388
129222990
129217113
129227061
129216471
129216599
129216597
129226735
129220871
129226009
129216894
129226426
129234629
129222699
129222554
129221433
129230683
129233788
129231737
129225079
129224991
129226599
129220857
129217361
129235185
129225404
129219229
129233910
129217042
129228003
129224760
129216368
129230600
129221409
129219754
129232455
129219391
129219981
129220237
129219099
129220897
129233368
129222728
129235255
129234103
129232334
129221404
129232480
129228099
129227666
129225281
129221594
129235190
129222881
129216537
129218287
129219307
129219318
129224185
129234499
129219723
129218527
129218644
129230332
129220862
129220397
129220414
129230453
129223914
129231111
129226537
129230538
129231365
129217085
129218283
129228290
129217093
129218730
129227684
129226439
129227661
129224464
129222940
129222337
129226062
129216267
129222406
129225948
129234477
129229480
129217824
129224408
129230671
129230708
129218174
129226665
129227352
129224486
129220207
129218469
129219756
129235184
129230693
129230261
129230692
129220829
129219106
129228327
129233006
129216175
129229212
129220339
129221321
129218488
129226435
129223443
129222818
129229238
129216793
129220642
129221920
129227063
129233113
129220555
129219087
129235181
129220239
129218499
129219952
129221155
129227274
129227294
129219357
129235195
129223444
129231441
129225554
129226348
129230589
129219926
129217183
129222700
129224705
129232524
129225307
129228045
129227018
129226446
129219212
129231126
129229965
129224313
129223310
129217926
129218819
129218129
129227885
129234490
129227421
129227450
129218045
129226716
129234672
129219347
129233451
129223787
129217400
129228635
129220358
129235249
129234479
129231211
129223268
129224505
129223429
129219289
129216023
129217078
129217079
129234268
129227481
129223396
129229923
129227642
129231093
129217485
129231453
129224568
129222825
129220196
129221654
129225528
129225639
129219901
129219381
129222062
129230231
129225032
129234338
129234445
129228593
129221201
129224397
129227580
129221294
129227486
129235238
129218364
129229917
129226550
129221623
129227695
129232115
129220132
129225817
129216716
129234391
129217434
129217611
129234654
129234122
129234093
129231465
129231570
129221165
129227759
129227224
129220274
129221189
129223783
129234264
129227245
129226855
129234615
129221386
129220661
129225132
129228688
129225762
129232128
129229447
129227225
129232958
129223115
129223196
129223861
129222841
129220203
129227405
129231724
129220821
129217635
129218026
129222457
129222376
129231531
129225820
129225960
129221857
129227452
129230644
129227045
129216944
129224647
129230537
129218773
129227634
129218417
129226561
129228516
129220437
129224852
129217674
129218593
129225975
129229377
129225292
129216344
129232252
129223958
129235186
129217051
129225276
129229433
129222125
129230636
129222206
129222880
129221043
129221379
129232634
129221542
129217631
129219298
129219015
129231392
129218408
129218101
129217305
129231269
129231271
129219276
129219929
129222813
129230594
129219708
129226399
129227525
129227536
129230110
129225174
129233237
129229262
129220893
129234290
129222101
129230240
129219818
129234124
129225785
129217360
129231053
129230337
129226575
129218449
129230082
129217056
129227644
129231242
129228441
129216257
129216145
129223358
129234478
129218928
129224024
129234594
129217743
129224265
129218570
129216910
129226135
129227050
129219115
129218572
129217354
129219442
129218351
129222153
129225653
129218169
129226096
129234393
129224513
129234159
129219185
129227549
129228606
129218598
129217214
129228480
129220384
129224117
129227736
129221574
129218681
129222802
129219744
129230000
129222128
129225059
129219933
129231000
129229436
129224158
129224361
129228466
129222929
129225777
129217436
129221401
129229265
129219460
129225530
129227228
129216097
129224353
129225209
129220814
129224761
129224594
129231476
129227817
129220853
129229868
129231260
129225834
129233345
129224896
129218260
129223071
129225649
129228371
129218456
129229136
129216117
129233144
129222701
129230758
129234511
129231632
129233429
129218901
129234145
129227935
129235158
129229930
129218301
129233109
129226338
129220828
129225681
129228705
129231665
129223836
129220392
129218438
129217218
129229524
129233412
129221427
129227023
129226220
129227369
129234449
129226132
129229792
129229514
129234375
129229444
129231575
129229557
129229857
129224036
129224346
129224157
129229527
129229713
129224730
129229937
129231581
129226909
129232107
129222102
129229220
129225600
129217689
129220386
129233811
129224375
129225893
129232726
129216174
129233167
129222706
129223791
129227297
129226015
129219724
129219436
129222231
129231520
129227265
129217795
129230566
129221357
129228475
129228476
129230441
129218655
129226762
129233789
129218831
129217648
129220371
129227670
129218389
129216189
129232402
129219843
129224280
129216391
129234460
129223895
129218037
129220591
129220376
129219446
129217327
129222667
129227483
129228603
129219001
129234120
129222769
129235231
129216024
129230112
129228359
129218384
129234306
129232233
129218707
129230723
129216473
129218609
129233745
129234232
129234542
129230648
129230610
129227975
129235097
129220997
129225918
129220976
129216817
129216273
129226563
129222016
129218522
129218521
129234263
129222334
129234233
129224825
129216173
129217514
129224838
129222528
129220816
129225523
129224514
129224217
129227246
129221977
129222378
129235139
129225741
129221804
129225586
129234195
129216973
129228520
129222842
129228295
129233313
129220332
129229404
129221656
129230022
129223256
129218724
129225144
129224915
129231285
129230339
129226838
129226839
129224114
129216354
129223374
129222285
129230489
129226104
129224823
129224911
129229306
129226645
129217037
129217035
129219645
129234595
129232819
129226530
129226405
129222650
129216933
129227298
129229544
129218672
129224384
129224385
129216014
129216640
129216206
129226864
129224415
129220532
129216932
129216937
129231844
129222205
129234249
129235273
129221949
129231174
129223959
129222396
129218653
129220053
129231061
129234562
129229531
129229739
129230008
129228596
129224334
129218089
129224728
129220955
129220553
129229488
129225121
129217104
129229230
129218670
129217177
129227321
129230484
129223835
129225831
129216811
129216322
129217377
129216428
129231138
129218982
129218980
129220831
129216190
129235254
129216140
129221613
129225620
129217616
129218200
129218084
129221957
129221012
129224795
129222788
129230675
129230979
129229768
129228604
129232520
129228183
129230436
129234631
129230192
129229242
129230456
129235269
129218860
129232422
129231869
129230326
129218379
129231407
129223263
129223260
129218548
129224520
129224847
129225680
129222671
129222670
129224997
129224996
129225061
129222140
129226409
129222634
129219701
129231115
129234507
129224859
129218705
129221909
129225726
129219138
129219453
129226269
129231257
129229438
129228245
129225945
129220660
129231538
129222760
129217130
129217131
129230465
129219693
129225842
129225761
129227471
129220799
129218765
129217770
129230982
129228326
129229645
129229331
129229696
129227543
129233633
129228017
129221282
129229147
129235192
129225235
129220299
129220298
129224651
129226324
129228727
129233398
129227981
129233063
129225104
129223784
129225211
129224835
129227540
129228465
129223881
129229674
129224080
129217769
129218575
129216058
129221014
129220748
129226955
129232967
129235277
129219214
129217344
129219172
129230241
129219251
129222212
129217568
129220506
129235248
129227607
129227781
129228553
129226390
129216155
129229292
129218325
129233966
129231533
129224523
129225213
129216387
129223097
129220954
129219691
129216182
129222797
129224424
129224925
129227761
129217159
129231640
129224977
129226695
129222045
129226647
129218892
129220559
129223337
129224485
129221359
129234557
129223960
129229482
129229481
129219213
129227394
129234526
129219813
129223237
129229281
129222506
129216392
129230434
129234387
129220490
129223894
129224374
129226002
129226003
129229847
129217581
129221154
129232343
129219948
129216430
129221296
129219855
129228440
129229878
129219182
129221244
129225806
129225796
129225750
129220186
129217740
129218265
129223942
129226944
129219750
129225924
129216941
129217290
129228084
129227779
129225150
129221866
129219650
129225517
129216462
129224946
129225302
129232083
129216177
129216026
129231326
129223333
129221858
129216076
129218439
129220198
129231318
129217193
129233033
129216706
129223448
129229274
129226019
129226728
129217726
129224643
129225981
129235173
129218945
129216415
129229763
129229351
129220232
129221605
129232624
129231571
129224572
129230700
129233963
129226322
129226321
129226521
129226578
129226493
129231265
129231178
129225134
129218216
129227480
129220135
129224629
129224338
129221347
129229450
129216992
129228081
129233711
129216384
129223798
129229604
129234308
129224512
129235251
129225265
129223885
129216437
129229394
129227499
129230002
129227700
129232454
129216223
129229636
129227504
129216955
129222300
129220128
129224777
129226154
129225270
129226262
129221965
129235267
129222369
129223277
129225677
129218179
129222497
129220713
129234497
129222134
129223287
129217676
129225650
129228389
129220148
129218786
129224890
129235304
129220228
129224238
129221395
129217639
129224666
129233161
129217086
129227476
129231474
129231144
129229633
129219195
129226854
129217718
129223093
129223325
129223340
129231305
129225062
129231631
129229896
129229827
129219878
129220964
129226091
129218414
129224973
129227262
129227470
129232827
129228263
129231705
129221861
129231864
129230321
129225878
129226297
129223850
129225185
129224586
129224803
129217300
129228238
129225953
129217041
129223979
129221530
129219642
129235170
129234573
129220697
129233934
129227923
129219626
129221950
129216427
129233422
129226936
129222656
129225073
129232453
129224337
129233099
129225766
129223284
129227648
129227972
129225101
129220170
129229581
129229782
129221295
129232569
129224091
129231482
129229213
129217301
129222810
129221072
129216188
129228592
129220666
129234429
129234532
129228729
129227301
129224326
129218397
129222613
129235317
129231785
129230311
129229833
129231778
129220097
129224206
129218416
129231219
129225770
129220869
129222098
129225700
129219299
129234099
129227046
129217304
129229770
129231515
129231722
129224181
129223236
129234149
129224170
129219959
129217084
129233120
129229256
129224610
129234323
129226595
129227641
129216503
129225957
129225038
129224399
129234342
129227698
129221634
129219987
129233479
129233478
129233252
129231542
129231851
129234780
129230422
129225836
129228121
129231579
129225867
129231005
129225612
129233967
129217595
129225237
129227029
129223267
129216374
129226027
129220500
129225149
129222195
129224041
129223440
129231505
129233241
129222262
129233029
129232151
129226452
129221414
129232054
129224318
129217379
129224964
129217255
129226299
129224140
129221558
129220705
129231883
129231600
129232261
129233873
129219716
129219717
129221982
129219014
129218610
129229422
129223297
129226211
129228612
129221213
129225951
129235266
129224054
129231706
129234147
129229602
129229521
129225294
129231425
129216891
129222035
129227795
129228367
129219333
129219146
129233571
129216441
129224667
129224670
129232790
129220609
129227838
129230650
129229697
129233298
129217119
129231429
129216668
129224533
129221962
129226940
129233024
129221519
129228573
129224123
129218346
129227939
129218756
129223247
129228463
129228462
129226813
129221392
129226877
129220334
129219045
129224972
129222215
129224883
129225643
129227568
129227569
129234566
129232138
129234269
129219778
129224029
129222988
129234533
129223128
129219237
129219825
129220359
129225630
129221895
129230569
129222196
129216959
129220712
129229843
129217469
129226519
129221114
129235100
129216986
129229929
129222954
129225571
129218993
129218994
129222069
129230150
129229513
129230288
129221635
129220750
129218103
129234609
129228647
129218802
129218242
129229319
129226671
129230726
129223736
129216060
129227934
129221408
129220583
129222075
129232162
129227825
129223271
129222695
129228260
129229948
129228226
129220004
129232744
129234105
129225283
129218903
129233159
129232629
129232853
129226806
129218536
129230591
129234095
129222065
129234110
129219463
129229255
129222489
129223420
129235091
129217205
129226559
129226969
129227560
129222064
129224034
129223777
129231557
129228054
129225584
129232130
129216310
129227044
129220959
129231873
129221952
129232777
129219911
129228304
129223729
129221364
129221473
129218643
129224442
129235237
129216270
129217680
129225884
129227683
129222055
129230386
129234510
129225087
129227351
129223761
129220315
129229437
129230028
129225892
129227309
129220497
129233134
129225238
129216828
129217703
129217565
129227439
129218137
129224109
129224106
129222096
129225980
129221048
129218098
129223378
129230515
129229498
129225745
129224125
129216431
129223419
129218086
129231543
129218300
129222785
129231561
129231251
129220220
129226111
129222058
129223720
129230088
129227384
129229410
129222937
129228575
129218377
129231443
129226018
129228388
129221619
129222071
129219908
129223015
129232055
129228472
129229644
129229246
129223965
129220950
129230735
129218680
129217198
129227846
129225715
129228139
129218347
129227976
129229209
129234160
129216928
129229249
129220306
129225755
129229428
129224638
129223210
129220126
129218136
129229411
129230445
129227790
129233322
129234475
129215988
129228386
129228384
129224269
129227202
129229300
129233295
129218692
129219785
129219897
129217405
129222000
129229509
129226551
129228201
129227586
129222987
129222999
129218017
129224724
129219454
129219889
129224032
129221573
129221322
129231368
129229289
129229910
129218544
129220250
129216226
129225933
129226221
129226243
129229575
129233105
129233127
129220557
129220179
129222112
129217090
129222189
129215997
129217036
129221939
129222059
129227370
129222281
129226069
129225994
129230790
129225064
129224287
129233647
129222539
129216222
129221471
129216195
129232082
129227333
129234563
129220637
129225315
129222040
129229677
129223661
129228484
129217789
129227049
129225085
129229562
129221488
129217234
129222677
129224719
129235284
129231218
129223764
129218506
129234315
129222900
129226886
129232578
129218975
129221879
129221377
129216923
129218111
129234017
129225779
129233079
129232635
129229894
129229518
129228186
129216534
129222080
129227522
129215985
129216656
129231911
129229203
129216185
129220650
129227314
129229881
129228069
129226786
129230034
129219253
129231682
129227979
129228435
129234561
129221500
129221453
129231698
129217029
129232152
129217771
129229552
129227287
129225245
129228269
129231882
129225682
129221522
129228654
129231499
129228128
129219663
129226516
129221552
129222169
129226388
129230978
129223187
129234410
129227254
129227904
129225843
129218049
129219827
129225048
129227226
129221465
129231279
129218148
129222653
129222383
129220647
129228073
129220147
129230200
129220328
129224147
129231289
129221953
129217373
129222182
129224556
129231204
129226912
129229548
129220539
129224222
129218407
129229443
129223225
129222157
129217556
129231430
129226077
129224993
129219249
129230642
129226305
129216158
129229901
129225178
129217571
129231445
129227593
129229367
129227466
129232375
129227792
129216733
129228346
129229959
129219210
129226064
129232590
129232589
129217509
129216299
129222224
129226389
129222137
129218569
129219292
129227545
129222702
129219727
129227816
129231768
129233334
129227434
129229247
129228571
129224307
129221342
129223920
129226464
129226311
129223245
129217450
129232724
129216120
129216643
129228114
129232752
129218158
129233511
129223964
129216149
129234083
129216610
129225508
129228026
129222356
129221385
129234019
129219883
129229253
129219786
129224949
129229460
129230047
129224386
129223317
129227382
129224611
129216990
129220984
129223819
129235299
129221537
129217711
129216051
129216569
129222434
129229735
129218234
129224096
129234406
129231755
129225807
129225094
129231145
129227353
129229427
129225179
129225556
129224017
129226298
129229839
129232638
129225946
129222807
129221943
129232534
129225965
129229720
129229709
129224439
129235038
129232102
129228092
129226692
129229716
129220229
129218695
129222005
129219294
129232189
129231247
129231246
129218503
129219024
129229381
129225532
129216786
129220915
129221652
129222170
129220074
129218270
129219747
129222087
129231048
129225916
129224380
129234187
129234212
129229291
129232351
129224189
129224364
129233970
129224055
129232942
129228473
129227363
129227727
129218886
129221481
129229852
129227025
129222924
129235232
129218555
129220648
129227364
129221081
129231223
129231507
129229986
129226904
129229337
129224304
129229725
129229294
129219498
129218602
129227829
129228564
129223940
129230419
129227797
129226648
129224515
129225613
129217318
129217728
129227843
129221251
129230641
129225997
129225226
129224488
129225519
129234018
129217698
129231636
129225618
129217468
129217338
129221300
129225713
129225714
129230055
129229619
129224909
129227668
129231399
129226915
129218504
129218833
129220268
129219108
129223086
129227378
129228023
129220095
129221120
129224077
129231944
129235239
129235291
129221925
129232788
129231783
129231812
129227428
129224576
129233786
129230333
129216645
129224498
129227057
129217463
129222973
129228385
129222392
129219671
129231212
129222287
129234121
129226629
129216239
129220489
129220836
129216779
129231063
129235278
129220779
129227628
129226958
129230605
129217031
129223866
129221299
129218015
129224936
129232165
129221863
129225800
129235282
129225055
129234442
129220121
129222778
129223740
129222068
129225003
129224684
129222115
129231222
129223409
129221440
129217067
129222425
129222265
129216931
129225222
129225143
129226418
129218272
129217196
129217732
129220870
129217347
129230358
129217061
129222867
129224470
129218494
129226085
129230571
129222429
129216015
129223039
129229413
129220847
129218684
129229667
129231697
129229567
129218964
129228227
129222638
129234245
129216027
129227785
129232806
129227880
129232911
129221316
129220117
129232127
129222461
129220686
129218486
129229321
129217197
129228355
129229529
129221461
129221196
129219676
129216582
129227478
129233388
129229823
129234321
129222882
129225979
129218654
129222816
129221940
129231421
129217573
129219658
129226953
129218659
129219993
129216050
129216167
129230234
129216788
129234577
129228140
129227031
129230660
129231229
129220399
129233761
129235124
129219163
129234407
129218530
129234668
129218184
129229631
129218463
129218515
129229332
129224554
129228569
129222030
129219274
129230260
129222208
129224452
129224324
129216598
129227955
129220105
129232327
129217357
129217563
129227186
129228709
129227243
129231610
129223186
129216266
129222803
129227318
129229955
129223982
129217391
129228467
129223810
129235218
129226526
129233173
129219783
129229616
129217655
129224681
129226000
129217122
129218529
129217098
129218257
129219278
129226358
129229997
129229998
129224469
129222828
129234620
129216872
129221218
129216284
129224446
129224445
129219080
129221569
129221567
129218604
129232597
129225324
129234660
129224155
129221928
129217572
129228445
129223135
129223136
129222048
129231761
129232477
129218373
129230369
129226229
129231435
129225998
129218156
129231076
129221484
129232623
129225114
129228418
129228197
129222640
129229837
129219736
129228109
129232733
129220680
129225616
129216763
129219335
129224717
129226421
129221123
129217746
129220171
129230236
129226585
129230113
129221373
129220056
129226674
129233737
129228334
129223168
129226444
129216079
129216544
129234250
129230629
129217186
129225595
129231016
129233107
129235207
129230160
129220774
129229366
129226434
129220603
129231760
129231679
129223436
129229789
129231152
129222088
129231650
129220805
129235180
129225207
129231010
129216939
129227635
129221637
129216254
129216288
129216292
129225829
129234570
129229402
129227969
129221226
129221228
129221452
129229640
129231296
129216792
129217470
129227496
129223944
129217010
129219397
129218461
129217030
129232732
129217386
129226605
129227922
129232407
129221907
129229298
129226887
129222508
129218820
129217757
129219228
129218276
129221396
129218687
129231525
129224404
129233935
129220863
129217028
129218498
129226030
129227594
129227735
129225908
129229766
129216870
129222314
129217265
129233091
129223342
129221514
129227430
129234581
129224619
129227010
129227584
129221245
129217088
129229620
129221964
129219679
129222110
129222209
129223229
129218046
129224405
129233702
129218238
129229926
129218905
129217000
129221585
129226375
129219713
129219712
129220038
129235031
129218335
129217422
129218525
129227841
129222606
129232813
129217538
129221157
129219465
129223408
129218059
129217731
129228646
129219282
129225252
129220630
129222847
129222283
129233881
129233842
129220051
129224857
129232098
129217597
129216966
129223987
129235286
129218790
129231774
129220550
129216007
129222608
129230255
129219385
129219810
129232842
129219791
129225962
129223483
129229227
129231405
129227784
129220227
129216083
129220133
129230712
129225078
129218175
129221229
129222037
129234194
129216362
129221986
129222175
129229516
129228297
129221018
129222341
129218259
129221853
129234649
129223214
129221629
129220383
129226014
129217288
129217289
129219058
129225896
129229287
129219530
129230577
129219243
129216989
129233718
129217133
129234259
129218196
129234541
129222204
129220205
129228078
129218497
129224466
129222394
129217274
129224027
129229572
129228184
129226078
129227272
129233744
129224305
129227870
129217367
129228665
129225285
129232684
129216078
129221206
129221097
129228009
129226332
129225757
129219420
129216282
129224266
129218664
129222130
129220375
129230280
129224639
129221334
129225034
129220390
129218633
129225180
129222831
129217146
129218099
129227410
129219777
129233937
129222307
129221162
129216281
129220456
129220790
129224075
129224836
129222939
129218619
129227849
129226932
129224500
129226593
129218023
129218333
129222794
129234502
129228035
129219722
129222217
129229832
129227292
129229729
129225286
129220421
129228333
129221406
129216238
129224022
129221945
129233491
129216319
129222339
129216871
129224195
129218554
129220305
129231147
129224558
129233014
129219351
129217270
129221640
129231847
129230732
129226574
129224739
129218113
129225934
129231236
129232404
129223291
129219164
129218546
129218618
129217312
129218016
129229777
129229861
129219762
129217543
129224296
129229360
129222598
129220685
129222203
129225828
129226236
129227313
129230974
129225661
129230345
129229392
129220242
129234067
129227426
129226455
129224260
129222817
129227511
129230046
129229689
129222934
129216246
129216247
129230220
129235287
129232612
129216741
129218189
129234301
129220101
129232364
129232608
129222619
129226168
129227440
129224454
129222883
129217527
129231500
129227510
129217456
129219114
129222582
129227974
129222325
129222957
129234642
129223042
129232527
129234162
129229750
129229477
129224713
129234223
129226853
129228717
129232147
129217128
129232523
129229595
129216064
129229400
129216988
129231501
129232066
129218457
129224569
129224372
129218505
129234548
129217614
129222133
129231406
129223917
129219197
129218250
129218605
129233394
129227436
129228719
129215983
129230490
129227848
129231391
129227887
129226128
129225106
129225107
129234419
129226074
129216234
129219184
129233796
129229981
129222716
129233059
129226518
129234182
129220764
129222127
129225931
129230514
129216570
129231129
129233568
129225301
129231148
129224393
129224979
129219664
129217554
129225655
129233918
129229764
129229665
129218656
129222092
129220621
129220088
129220086
129229999
129218629
129231172
129220184
129230562
129230462
129230084
129232132
129234604
129218459
129221311
129220367
129224020
129221766
129216904
129231481
129220244
129225943
129225944
129231437
129218320
129231409
129217435
129227796
129232599
129233247
129217242
129226535
129217458
129229884
129231758
129231082
129216227
129217070
129225874
129226425
129221117
129229869
129219456
129224989
129226579
129229670
129222953
129217539
129234641
129234222
129224736
129220837
129227565
129229867
129224142
129222958
129224546
129217281
129223125
129223796
129230216
129231552
129216849
129218801
129216044
129235229
129233117
129230023
129224612
129232140
129217016
129216178
129220484
129234488
129225740
129222663
129228031
129222275
129228550
129222072
129228051
129232570
129234608
129228426
129217065
129226827
129221351
129227732
129226012
129226766
129229800
129219349
129234440
129235294
129232505
129234616
129228623
129228634
129234389
129216913
129218057
129216131
129225775
129224962
129224963
129222594
129223430
129230459
129230061
129224560
129230393
129222107
129225622
129225023
129222986
129217453
129217212
129219300
129225941
129217246
129216092
129224174
129230119
129220252
129219240
129219196
129234299
129225231
129226913
129228130
129219874
129235123
129222465
129227688
129229431
129230052
129216591
129217340
129221358
129223306
129219965
129230936
129221926
129216717
129219728
129226025
129231420
129224903
129221013
129230140
129225146
129231065
129227383
129220131
129219160
129217443
129219165
129234175
129219956
129216448
129218151
129231750
129228113
129231522
129217045
129218547
129219360
129218662
129221554
129231302
129231096
129217507
129224839
129233199
129231607
129223070
129226477
129227835
129227613
129228249
129228574
129223996
129225772
129221078
129224988
129217482
129217627
129231699
129230327
129219392
129227530
129216114
129226331
129218620
129228143
129231207
129235327
129233923
129217229
129222819
129218190
129232419
129227343
129217276
129218061
129218305
129227418
129220096
129219834
129225724
129222347
129226488
129230235
129220407
129219120
129224401
129227588
129220696
129226509
129228018
129223962
129217619
129219316
129228095
129216479
129221371
129216349
129232346
129226185
129221174
129231388
129231471
129216162
129228217
129225090
129226454
129226819
129232167
129229864
129226031
129224527
129222467
129218312
129222735
129227812
129231051
129232798
129220487
129228637
129219270
129220446
129217734
129233038
129222188
129234118
129218566
129225031
129216958
129229278
129228528
129223369
129228089
129227891
129229535
129231239
129218932
129218703
129227605
129218418
129225221
129226771
129219246
129231372
129235328
129226396
129226471
129231235
129223998
129224886
129225557
129218108
129216467
129229466
129228037
129224550
129235101
129218273
129234336
129217147
129218284
129223731
129218443
129233104
129228088
129217076
129230491
129231503
129217083
129221455
129221247
129230343
129232143
129225689
129222201
129217069
129222678
129231723
129218477
129222751
129231696
129220544
129231746
129226963
129217311
129228395
129235226
129224616
129230466
129230053
129216048
129219194
129224156
129218512
129218704
129231816
129225923
129221202
129224676
129219142
129223919
129218239
129217633
129224449
129233189
129234505
129230573
129220856
129221096
129216201
129217251
129221343
129230259
129234666
129223929
129220507
129218641
129217092
129220396
129228151
129222622
129218452
129221059
129216070
129229659
129225095
129226255
129225060
129216519
129225614
129221527
129228284
129231790
129219141
129226784
129219365
129223024
129219263
129227808
129217430
129222838
129230365
129218464
129226419
129227657
