129223377
129232232
129232236
129223140
129217280
129223149
129235117
129218398
129223095
129222631
129232769
129223096
129218030
129218220
129231221
129227437
129217478
129220488
129224764
129222567
129232486
129219364
129230114
129233128
129225282
129233658
129233408
129219247
129229528
129219091
129225079
129224991
129219391
129218644
129219087
129220239
129217400
129234391
129227224
129222928
129228516
129234159
129233345
129233144
129217218
129227023
129226220
129233167
129227265
129228475
129219843
129224280
129219001
129218522
129218521
129225144
129224915
129221949
129218670
129221613
129218548
129221080
129221529
129217159
129226647
129221154
129216992
129229604
129234308
129231474
129225062
129228263
129219626
129216427
129227648
129220170
129217301
129227301
129230311
129229833
129219959
129233120
129229256
129234342
129231005
129217239
129216374
129217379
129231425
129221962
129223247
129218137
129220126
129226551
129222999
129233127
129231218
129216923
129228069
129224556
129231430
129227792
129226389
129218158
129218234
129225179
129229244
129230055
129228023
129224574
129217067
129217061
129229667
129227034
129228140
129218184
129218463
129220105
129232327
129219080
129216939
129234570
129232732
129217386
129219228
129221964
129226375
129219713
129219712
129225252
129229227
129221229
129217146
129219722
129232066
129234548
129218057
129220131
129217443
129232346
129231388
129216958
129229535
129230450