129231827
129223377
129232232
129232236
129223140
129217280
129223149
129235117
129226844
129234471
129226415
129220112
129221006
129218398
129223095
129222631
129232769
129223096
129226341
129219694
129218030
129222487
129231221
129230486
129231278
129226510
129226572
129229828
129229359
129218972
129229540
129230370
129230665
129224046
129227288
129233128
129225282
129218245
129230444
129233658
129233408
129219247
129216475
129227998
129229528
129219091
129233788
129225079
129224991
129232455
129219391
129218644
129222406
129223443
129222818
129219087
129220239
129232524
129217400
129219289
129225528
129225639
129234391
129227224
129226561
129228516
129229433
129222880
129231392
129218101
129219276
129234159
129228606
129219933
129228466
129224594
129233345
129228371
129218456
129233144
129230758
129227935
129217218
129227023
129226220
129224375
129233167
129227265
129228475
129230441
129219843
129224280
129219001
129230723
129218522
129218521
129228295
129225144
129224915
129224384
129224385
129221949
129229488
129218670
129221613
129230326
129218548
129222671
129222670
129224997
129224996
129219701
129219693
129228326
129225235
129224080
129235277
129220506
129225213
129227761
129217159
129226647
129234387
129231326
129231318
129216992
129216384
129229604
129234308
129223885
129224777
129235267
129218179
129220148
129217639
129233161
129223340
129231305
129229896
129232827
129228263
129223850
129228238
129235170
129219626
129216427
129222656
129217301
129225700
129219299
129219959
129233120
129229256
129224399
129234342
129219987
129233479
129233478
129228121
129231005
129216374
129222262
129221414
129217379
129231600
129229422
129221213
129231425
129230650
129221962
129220334
129232138
129216986
129225571
129229319
129216060
129232162
129233159
129227560
129224034
129218137
129229498
129223720
129227384
129228575
129218377
129223965
129217198
129220306
129220126
129226551
129216226
129225933
129215997
129227333
129229677
129223661
129221488
129231218
129223764
129228069
129227287
129231499
129228128
129225843
129227226
129231279
129224556
129226077
129229901
129232590
129232589
129222137
129228571
129232724
129228114
129232752
129218158
129224611
129223819
129218234
129225965
129232102
129219294
129232942
129219498
129225618
129230055
129220268
129228023
129224576
129221863
129217067
129217061
129229667
129218486
129229321
129225979
129219993
129228140
129227031
129218184
129218463
129220105
129232327
129233173
129234511
129231632
129230113
129216939
129227635
129234570
129219228
129221964
129226375
129219713
129219712
129225252
129219810
129219454
129219791
129229227
129221229
129221629
129220383
129219243
129234259
129234541
129233744
129228009
129225757
129217146
129219777
129219722
129216871
129224195
129233014
129231847
129232527
129232066
129234548
129227848
129221013
129225146
129227383
129217443
129217229
129217276
129232346
129231388
129216958
129229535
129218108
129218284
129221202
