129219861
129227769
129220793
129230239
129233975
129219201
129217012
129227284
129227793
129233021
129227523
129217362
129217825
129221291
129231815
129219907
129226789
129219917
129230725
129231506
129231477
129231467
129231450
129231440
129231513
129226736
129220903
129227961
129220936
129221130
129220947
129219868
129221224
129222416
129217817
129235105
129222024
129221948
129219841
129223072
129223074
129221989
129231868
129223079
129223078
129222877
129233056
129224782
129225870
129226327
129222010
129216527
129225837
129221038
129226602
129228533
129223003
129219362
129222517
129216283
129234860
129221152
129218428
129219418
129224428
129234325
129234812
129228457
129220187
129220188
129221297
129226329
129232663
129224608
129222721
129231270
129223806
129227954
129217315
129217314
129231827
129219230
129231152
129216085
129226266
129230719
129219085
129224153
129224208
129225548
129218480
129231084
129224938
129224995
129224256
129222738
129218517
129231090
129231370
129233238
129230641
129227649
129229449
129229741
129227719
129232051
129220005
129223202
129222289
129220065
129221450
129224281
129231089
129219812
129234332
129226340
129229398
129221316
129233235
129230408
129218775
129217747
129224536
129220036
129216361
129224253
129216367
129216356
129216357
129223851
129234385
129222468
129222464
129222066
129227782
129227783
129217522
129226755
129226301
129226451
129225899
129226355
129224589
129216681
129228661
129228659
129224542
129234241
129233674
129234238
129228218
129223377
129227622
129222532
129218365
129216049
129225035
129219990
129216627
129216592
129216867
129232564
129224928
129226267
129226268
129231014
129223014
129230329
129223383
129223762
129226734
129231620
129220732
129218958
129228398
129232622
129220888
129220296
129222871
129231574
129234135
129232071
129234266
129235179
129223157
129232232
129232236
129223140
129217280
129223149
129230089
129219775
129233751
129216067
129218390
129218395
129218682
129218931
129234278
129227814
129227550
129224078
129225214
129225215
129224499
129216983
129216984
129231630
129235326
129232552
129232541
129226547
129228108
129220757
129223124
129230666
129229947
129223375
129230016
129232821
129232829
129217232
129216480
129227854
129234355
129220986
129227697
129227450
129228040
129218467
129231112
129226352
129226195
129230387
129230388
129235223
129220385
129227474
129220599
129219088
129221389
129219417
129224011
129223432
129220406
129232603
129223283
129234069
129228432
129235117
129219913
129217021
129226508
129235138
129220560
129225702
129222759
129224532
129233442
129222174
129231105
129225137
129231428
129233532
129222235
129224021
129225255
129219720
129216895
129217366
129222727
129222960
129230971
129222962
129234397
129219161
129221873
129231468
129229963
129221255
129225729
129218645
129230348
129226492
129216144
129228134
129223172
129223171
129228133
129216612
129218889
129218043
129231078
129226844
129225988
129234471
129220710
129226369
129224792
129234492
129218782
129229371
129225013
129228536
129224698
129224553
129224111
129224430
129224409
129218447
129230172
129229682
129229762
129218097
129220240
129220023
129220840
129220347
129229601
129225262
129222249
129217846
129217691
129231654
129231364
129219731
129220672
129216122
129231059
129231817
129220214
129226858
129220643
129219939
129217630
129232157
129228712
129228714
129228713
129228091
129228063
129216128
129216127
129221119
129220288
129220848
129224200
129222547
129220566
129220204
129220273
129232065
129233038
129231150
129229753
129227253
129228110
129216578
129225091
129227875
129226415
129220112
129220460
129219800
129221493
129220355
129216987
129226010
129216652
129225033
129219053
129223329
129222854
129230012
129230256
129221107
129225133
129229476
129224085
129216353
129229523
129234378
129231713
129221006
129231811
129216615
129228439
129228650
129227259
129219419
129226908
129229491
129216751
129224984
129218171
129220670
129216611
129225876
129225875
129226513
129227704
129223087
129232435
129230556
129216580
129217024
129229561
129222228
129219183
129221655
129228170
129231297
129230584
129231459
129225157
129219714
129218314
129233810
129220827
129229511
129228219
129229383
129217759
129226070
129226709
129232805
129229812
129228369
129233585
129225161
129220178
129229525
129230731
129229781
129229651
129217009
129234104
129225504
129234493
129225008
129223952
129226177
129230379
129229325
129229375
129230748
129216115
129225749
129226993
129226433
129226060
129226061
129219309
129234224
129230447
129220255
129224371
129216549
129220717
129227252
129217750
129220137
129216215
129216604
129226923
129225118
129218144
129220321
129220715
129227055
129220331
129232091
129235162
129232472
129219023
129217363
129229790
129218584
129218622
129230754
129235164
129223976
129230130
129218398
129222860
129228515
129221889
129216893
129216892
129217321
129219851
129225193
129227391
129231373
129231789
129235289
129222514
129226634
129235246
129218700
129234314
129227861
129221044
129218125
129228470
129231369
129219448
129226203
129218859
129216451
129230744
129219648
129230228
129230467
129220783
129217350
129217293
129217129
129218468
129219350
129216664
129220602
129226143
129226337
129221919
129216277
129216274
129223095
129222631
129232769
129223096
129235242
129228237
129223734
129221146
129228136
129234578
129234671
129222186
129222214
129219694
129226341
129217735
129223765
129233573
129234071
129228310
129220283
129223323
129226302
129225795
129230533
129224323
129220735
129216216
129216224
129220755
129219979
129224012
129224359
129216004
129234564
129220138
129220914
129218502
129225596
129219267
129227940
129216798
129235166
129222173
129218474
129219802
129221517
129220084
129218030
129230586
129218220
129223991
129228508
129220404
129222487
129219770
129234220
129218018
129224620
129232651
129232652
129229808
129231548
129231555
129227598
129219401
129224309
129223961
129231230
129228518
129225074
129228205
129229818
129231221
129231521
129234430
129226587
129216978
129229714
129218040
129218691
129224891
129224581
129218094
129224166
129222742
129219260
129225183
129228658
129222948
129220760
129217322
129222422
129235211
129226939
129219382
129220635
129220618
129223272
129222746
129235176
129231095
129219910
129227437
129217478
129220488
129224764
129230486
129231250
129221024
129221576
129221908
129231278
129228345
129227375
129222844
129233306
129231199
129232425
129219191
129233931
129235004
129224213
129231754
129231248
129216521
129221025
129221141
129221384
129227696
129228461
129228551
129223752
129230418
129218236
129232473
129233290
129225151
129231766
129230464
129219007
129226510
129216138
129217479
129220785
129222567
129226572
129217545
129218723
129231143
129226209
129229761
129234540
129222636
129229828
129220180
129216968
129218224
129234292
129220427
129228402
129228096
129219238
129217364
129231295
129225066
129231693
129231293
129216732
129231593
129222708
129226139
129226099
129224942
129227039
129225982
129216806
129227577
129221104
129221468
129221103
129220587
129232987
129218573
129224600
129224118
129223319
129234285
129229676
129229882
129216459
129225148
129216734
129231536
129234174
129228512
129226775
129227340
129219954
129234002
129227663
129228029
129227307
129227390
129222615
129220935
129221261
129229776
129226999
129225731
129225985
129225076
129222136
129229359
129216213
129224481
129224475
129224935
129234184
129226097
129220759
129232486
129222798
129226818
129216143
129218867
129218972
129222151
129222152
129230091
129224929
129222994
129233170
129226965
129226962
129223081
129226365
129220499
129227524
129225651
129219063
129228562
129228555
129217439
129216098
129226721
129218092
129226511
129229927
129224607
129224387
129220658
129216040
129223742
129234579
129220085
129231146
129231850
129231842
129229622
129223969
129230173
129222527
129231041
129228379
129220498
129234204
129222291
129230359
129218761
129224521
129229540
129228185
129229248
129221281
129225872
129229912
129219364
129230070
129221363
129230548
129228246
129218233
129234218
129219900
129230199
129216779
129229702
129231681
129230559
129230558
129218549
129231127
129218442
129234208
129231071
129230114
129231330
129217087
129235252
129228581
129228687
129235265
129222784
129219028
129217384
129234132
129221011
129235193
129224476
129219029
129216034
129224172
129219010
129218208
129229904
129229831
129228375
129223370
129231828
129230613
129217105
129217201
129224211
129229791
129224920
129224759
129230370
129227992
129224425
129232458
129220520
129232457
129222336
129224131
129226474
129219819
129225774
129219283
129219428
129221852
129224467
129216135
129226465
129229382
129224327
129235098
129228194
129221547
129222504
129232971
129220619
129230733
129230603
129234098
129221485
129221993
129224479
129226772
129226071
129231374
129234129
129230096
129223346
129217101
129226742
129224223
129216617
129217814
129224877
129224875
129224878
129223884
129226372
129226117
129226414
129218261
129216110
129216111
129224718
129224851
129230682
129229907
129230516
129225889
129225670
129224737
129232263
129230541
129225244
129218560
129226351
129221961
129228285
129226824
129221865
129223840
129225936
129226206
129226204
129231203
129226754
129233660
129226753
129223394
129216380
129222977
129226398
129220526
129217782
129235125
129229500
129230665
129231202
129231577
129228689
129218776
129230690
129228404
129231003
129216607
129225723
129226639
129230024
129235174
129217807
129217375
129216314
129224910
129221924
129218145
129231759
129230050
129221263
129221186
129220552
129226983
129235208
129228150
129216340
129223412
129228397
129218825
129220458
129216208
129220189
129218541
129218063
129216998
129230458
129231245
129221418
129233569
129232560
129221210
129231201
129227288
129226290
129224472
129216151
129224763
129229339
129216802
129231535
129226005
129229759
129220937
129226560
129222296
129222845
129225751
129219103
129220784
129227562
129226001
129235191
129231725
129217756
129233128
129216889
129226051
129217797
129220822
129228527
129229346
129224913
129221274
129222820
129233694
129216269
129217302
129229577
129225282
129230176
129218281
129227144
129234140
129217585
129218603
129226285
129219780
129224076
129233139
129218245
129234473
129221278
129217408
129225632
129216903
129216317
129225247
129216995
129234633
129217262
129229458
129233289
129223000
129220159
129219898
129221584
129222132
129227377
129222067
129232775
129218451
129227065
129224592
129221624
129226678
129230444
129228696
129227261
129233658
129233408
129229943
129228489
129234496
129219371
129216762
129222920
129216899
129223815
129223814
129223227
129219400
129217786
129230095
129220433
129219019
129218840
129225077
129226158
129228329
129219247
129216475
129218979
129231418
129227998
129218199
129218435
129227267
129229299
129219886
129222263
129228595
129229537
129231526
129220115
129231659
129225323
129229752
129218596
129234203
129225604
129226627
129222936
129222437
129226635
129228351
129219856
129216090
129229528
129226202
129219091
129229952
129228726
129227296
129235085
129231642
129229542
129222990
129218231
129217113
129227061
129216471
129224369
129220694
129231195
129220871
129226009
129216894
129222984
129226426
129234629
129222699
129222554
129220263
129221433
129233788
129231737
129225079
129224991
129234305
129229603
129226599
129220857
129222484
129222485
129235185
129231128
129225404
129216568
129219229
129217042
129216142
129228003
129230600
129221409
129219754
129232455
129219391
129219981
129220237
129230063
129219099
129229237
129220897
129233368
129229536
129223091
129222728
129234103
129218685
129219433
129232334
129221404
129233044
129227666
129225281
129233041
129235190
129222881
129231776
129234565
129232163
129232161
129216537
129218432
129219318
129224185
129234499
129219654
129218527
129218644
129230332
129231253
129228683
129220862
129220397
129220414
129230453
129233019
129223914
129231111
129223797
129226537
129230538
129231365
129217085
129218283
129218730
129219031
129226439
129226062
129216267
129222406
129225948
129234477
129229480
129217824
129230671
129230708
129218174
129226665
129224486
129224234
129216147
129218469
129224781
129219756
129234284
129226371
129228641
129228391
129228642
129235184
129230252
129230693
129230261
129230692
129220829
129219106
129231818
129216175
129221321
129235142
129218488
129226435
129223443
129222818
129224382
129216554
129216793
129220642
129222439
129227063
129233113
129219310
129220555
129219087
129220239
129235156
129218499
129219952
129221155
129216048
129227294
129219356
129229290
129219357
129228349
129223444
129225554
129227933
129227701
129226348
129230589
129219926
129217798
129217183
129222700
129232524
129228045
129233291
129233958
129219212
129231126
129229965
129216156
129232660
129224313
129223310
129218819
129218129
129227885
129234490
129227421
129218045
129222019
129222018
129230501
129220118
129234672
129219347
129233451
129217400
129228635
129220358
129235249
129231211
129224505
129235201
129218944
129219289
129216023
129217078
129234268
129231176
129227481
129218400
129216951
129226213
129229923
129227642
129231093
129220266
129231453
129222825
129220196
129233956
129225528
129225639
129219901
129219381
129222062
129221974
129225032
129234338
129234445
129226483
129228593
129224397
129234270
129218355
129221294
129227486
129235238
129218364
129229917
129226550
129221623
129227695
129227927
129232115
129220093
129220091
129220431
129216716
129234391
129228010
129217434
129217611
129234654
129230375
129234093
129219860
129231465
129225069
129231570
129221165
129229749
129227224
129220274
129221189
129216776
129220415
129226855
129221386
129224519
129220661
129218915
129222928
129225132
129228688
129227756
129224316
129232128
129229447
129234892
129223115
129223196
129222841
129218841
129220203
129232606
129227405
129231724
129220821
129218026
129231531
129220858
129225820
129221857
129227242
129227452
129230644
129227045
129224647
129230537
129216522
129218773
129227634
129226949
129219852
129226561
129227066
129228516
129232806
129218710
129224852
129217674
129218593
129222290
129218948
129218563
129217775
129225975
129229377
129225041
129225292
129223958
129225276
129217082
129229433
129226428
129230310
129230209
129222125
129226690
129222206
129222880
129232634
129229679
129221542
129217631
129226862
129219015
129231414
129231392
129218408
129218101
129231269
129231271
129219276
129219929
129222813
129230592
129230594
129219708
129222114
129226399
129227525
129227536
129230110
129225174
129219054
129218856
129229262
129222101
129223246
129218383
129219818
129225785
129217360
129230337
129231053
129230082
129225212
129216429
129227644
129231242
129233781
129228441
129216257
129234634
129221918
129216145
129230395
129230397
129234478
129218928
129217073
129218374
129234594
129224673
129228272
129217743
129218570
129216910
129226135
129227050
129220860
129221405
129222868
129219115
129218572
129219845
129217354
129218351
129222153
129225653
129226598
129226666
129224370
129224398
129222997
129234393
129231361
129224513
129234159
129228529
129228606
129218598
129217214
129228480
129232961
129227451
129220384
129234876
129224117
129227736
129221574
129218681
129235140
129226343
129219744
129230000
129222128
129225059
129219933
129231000
129220928
129224158
129224361
129228466
129226134
129222929
129218494
129221401
129229265
129225530
129224648
129227228
129216097
129224353
129222234
129225209
129220814
129224761
129224594
129217833
129227817
129220853
129229868
129231260
129225646
129233784
129225834
129233345
129224896
129218260
129228371
129218456
129227219
129229726
129229136
129216117
129233144
129222701
129230758
129233429
129218901
129229550
129227935
129219117
129230527
129218301
129224191
129231210
129233109
129231448
129235221
129220828
129226467
129231665
129222480
129223836
129218438
129223338
129217218
129229524
129233412
129231565
129216558
129227023
129226220
129227369
129234449
129220436
129231243
129229792
129218973
129229514
129224738
129229557
129218936
129231502
129232432
129224036
129224346
129227538
129229527
129229713
129225664
129229937
129231581
129216305
129226909
129232107
129222102
129225600
129216454
129234304
129226427
129217689
129233811
129224375
129225893
129232726
129216586
129221415
129231749
129233167
129234828
129231738
129222706
129227297
129226015
129219724
129219436
129222231
129225684
129222095
129231520
129227265
129217795
129230566
129225271
129221357
129227128
129228475
129228476
129230441
129221923
129218655
129222473
129226762
129233423
129233789
129220127
129218831
129217648
129220371
129218415
129218389
129216189
129225911
129232402
129219843
129220393
129224280
129216391
129234460
129216556
129226040
129225989
129220174
129218037
129220376
129217601
129219446
129223249
129217327
129220000
129229545
129222667
129227483
129228603
129228032
129219001
129229485
129235231
129216024
129230112
129218384
129234306
129232233
129229798
129218707
129230723
129217749
129216473
129218609
129230774
129234232
129223043
129218850
129235261
129234542
129230976
129230648
129226523
129230610
129227975
129219112
129235097
129220997
129225918
129220976
129226563
129222016
129218522
129218521
129224192
129218297
129226727
129234233
129228280
129224825
129216173
129217514
129233638
129224838
129222528
129220816
129225523
129231881
129232171
129219632
129227246
129222260
129222378
129225778
129235139
129225741
129221804
129225586
129234195
129216973
129228520
129222842
129224228
129228295
129230175
129233313
129220332
129231690
129223046
129229404
129221656
129224800
129225805
129230022
129220073
129219640
129223256
129228679
129218724
129224819
129225144
129224915
129231285
129226529
129230339
129226838
129226839
129231712
129231291
129224114
129216354
129223374
129222285
129235110
129234272
129218941
129226104
129228307
129224823
129224911
129229306
129219645
129218821
129226530
129223060
129227945
129218500
129234052
129230286
129233454
129226405
129224126
129222650
129217578
129216933
129227298
129229908
129230563
129229544
129218770
129224384
129224385
129216014
129216640
129216206
129226864
129231067
129220532
129234169
129216932
129216937
129231844
129222205
129234249
129235273
129221949
129231174
129219034
129223959
129222396
129230716
129225542
129231375
129228700
129226951
129219155
129234202
129228596
129224334
129224509
129218089
129218492
129224728
129220955
129220553
129229488
129225121
129231099
129218311
129217104
129229230
129217449
129220839
129218670
129227321
129222614
129223253
129230484
129223835
129225831
129219285
129216811
129235286
129229879
129216322
129217377
129227468
129216428
129229939
129231138
129218982
129218980
129220831
129216190
129216140
129218834
129221613
129217616
129218200
129218084
129221957
129221012
129224795
129231779
129224888
129224887
129222788
129225660
129230675
129217370
129228604
129232520
129228183
129230436
129218318
129216105
129234631
129230192
129223031
129235269
129232224
129234349
129227062
129227910
129221981
129218860
129232422
129221221
129231869
129226988
129230326
129218379
129231407
129233415
129223263
129223260
129218548
129234190
129224847
129225680
129222671
129222670
129224997
129224996
129230691
129220011
129222634
129224035
129219701
129231115
129228449
129228448
129234507
129224859
129223754
129221909
129225726
129221080
129221529
129226269
129231256
129228245
129225945
129220660
129231538
129222760
129218193
129217130
129217131
129224099
129219693
129225842
129225761
129227471
129220799
129232951
129219471
129224740
129217770
129228326
129216693
129229645
129229331
129229696
129227543
129233633
129228017
129221282
129230491
129229147
129223327
129226286
129235192
129220276
129225235
129217754
129227778
129220299
129220298
129224651
129226324
129228727
129227981
129217827
129233063
129225104
129223784
129225211
129224835
129222379
129228465
129228703
129231378
129219006
129223881
129224080
129218575
129233390
129231282
129223832
129216058
129221014
129220748
129226955
129232967
129235277
129219403
129231598
129219214
129217344
129230244
129217007
129230241
129222212
129225075
129220103
129220506
129235248
129228553
129220424
129232328
129220010
129229292
129231156
129218325
129216957
129233966
129234451
129231533
129218071
129223932
129224523
129225213
129216387
129231865
129235260
129235088
129231163
129223097
129220954
129228000
129219691
129216182
129221937
129220002
129216535
129222797
129224424
129224925
129227761
129217159
129231640
129231162
129224977
129226695
129222045
129228352
129231744
129226310
129226647
129218892
129220559
129223337
129218119
129224485
129218337
129232160
129232169
129216949
129223889
129234557
129227575
129223960
129225746
129219213
129219813
129223237
129229281
129222506
129234387
129219721
129220490
129223894
129226002
129226003
129226036
129219700
129231117
129235187
129217581
129221154
129224453
129232343
129221296
129219855
129228440
129229878
129223387
129224495
129220109
129219182
129221244
129220186
129231035
129217740
129229219
129216460
129218265
129229883
129223942
129226759
129226944
129225924
129228084
129227779
129225150
129219650
129225517
129217534
129234273
129224946
129216177
129216831
129231326
129223333
129230284
129231318
129217193
129216706
129225634
129229274
129226019
129221397
129228451
129226728
129217726
129224643
129225981
129235173
129231800
129218945
129217355
129220568
129216415
129229763
129220232
129223990
129231571
129224572
129230700
129226322
129226321
129226521
129226578
129226493
129231103
129227762
129223780
129221063
129224629
129224338
129229450
129222546
129216992
129228081
129233711
129216384
129216900
129219225
129223798
129229604
129234308
129235251
129223885
129216437
129229394
129230002
129227700
129232454
129228413
129229636
129227504
129216955
129222300
129226154
129225270
129226262
129221965
129235267
129222369
129223277
129225677
129218179
129226669
129222497
129222134
129223287
129217676
129224048
129220224
129225650
129232363
129228389
129219137
129218786
129224890
129235304
129222505
129221395
129226412
129217639
129224666
129221933
129217437
129233161
129227476
129231474
129229633
129228501
129226854
129223093
129223325
129223372
129223340
129225062
129216491
129216489
129231631
129226884
129217033
129229896
129231020
129229827
129220964
129230430
129218414
129224973
129227262
129227470
129232378
129231715
129232827
129228263
129221861
129231864
129233942
129219973
129223850
129225185
129224586
129224803
129225202
129217300
129228238
129216495
129235205
129216981
129224968
129231132
129225953
129226296
129225879
129232544
129217041
129223979
129235170
129219829
129226910
129224640
129219626
129229324
129216427
129226936
129222656
129232686
129228578
129234605
129232453
129224337
129225766
129223284
129222580
129227648
129227972
129220170
129224167
129229581
129229782
129221295
129216324
129225527
129232569
129231482
129229213
129217301
129222810
129216188
129229538
129229225
129228592
129220666
129234429
129234532
129227301
129224326
129218397
129222658
129222613
129235317
129231785
129230311
129229833
129231778
129220097
129224206
129218416
129231219
129220213
129220869
129225700
129219299
129227046
129222533
129221462
129217304
129229770
129231515
129218984
129224181
129223236
129231470
129231927
129216077
129233490
129233480
129224170
129219959
129216979
129218157
129220149
129218381
129230560
129217084
129233120
129229256
129229457
129234323
129227641
129216492
129216503
129225957
129226919
129224399
129234100
129234099
129234342
129222123
129227698
129231603
129221634
129219987
129233479
129233478
129219989
129230667
129229555
129233252
129223874
129231542
129231851
129234780
129230422
129225836
129228121
129224406
129225747
129231005
129217239
129233967
129219317
129218473
129233968
129233445
129217595
129225237
129227029
129223267
129216374
129231863
129224041
129223312
129231505
129230561
129222262
129232151
129234433
129227810
129221929
129221414
129217379
129217255
129226299
129227380
129224140
129220705
129231883
129216829
129216833
129231600
129221982
129219014
129218610
129229422
129223297
129226211
129227505
129228341
129228612
129221213
129225951
129217134
129220962
129227020
129226024
129217022
129225294
129231757
129231425
129222035
129227795
129228367
129219146
129233571
129216441
129232790
129220609
129227838
129224850
129230650
129229697
129233298
129217119
129234149
129216668
129224533
129221962
129226940
129228573
129220120
129223247
129228463
129228462
129226813
129221392
129226877
129220334
129224972
129222215
129227568
129227569
129234566
129229232
129232138
129219778
129224029
129224797
129234533
129223128
129219825
129220359
129225630
129234274
129230569
129222196
129216959
129229843
129217469
129216986
129229929
129225039
129222954
129232254
129222980
129230461
129225571
129227342
129218993
129218994
129234227
129229513
129219816
129220691
129230288
129221635
129220750
129225711
129221739
129228647
129218802
129218242
129229319
129223736
129227573
129216060
129227934
129221408
129222075
129232162
129223271
129222695
129222603
129228260
129229948
129220004
129232744
129225283
129221314
129218903
129233159
129232629
129232853
129225976
129234095
129226894
129222065
129234110
129219463
129229255
129222489
129232112
129234655
129223420
129217205
129227560
129234525
129224034
129225584
129228243
129232130
129232166
129216310
129219224
129226658
129231873
129221952
129232777
129219911
129228304
129220809
129223729
129221364
129221473
129224442
129216270
129217680
129226137
129225884
129233794
129227683
129230386
129234510
129225087
129219988
129227351
129223761
129227332
129226638
129218165
129216152
129220315
129232815
129232792
129229437
129226360
129230028
129225892
129220497
129225238
129216828
129217703
129227439
129217213
129218137
129223827
129222096
129218676
129232607
129233435
129225788
129231837
129218098
129224122
129235236
129216019
129223378
129226212
129220130
129221875
129230515
129229498
129225745
129216431
129223419
129218086
129231251
129230088
129227384
129229410
129217349
129222937
129228575
129218377
129228388
129221619
129222071
129231460
129216385
129222756
129234652
129219908
129223015
129232055
129228472
129229246
129223965
129230735
129231639
129220317
129217198
129227846
129216483
129228076
129227976
129223773
129234160
129216928
129229249
129223988
129220306
129228496
129229428
129219218
129223210
129220126
129222412
129218136
129219927
129225526
129229411
129230445
129227790
129215988
129228386
129228384
129227202
129229300
129219785
129222000
129229509
129226551
129227586
129228620
129222987
129222999
129218017
129224032
129223321
129227420
129216226
129225933
129231834
129229575
129233127
129233114
129220179
129222112
129222189
129215997
129217036
129227370
129234500
129226069
129225994
129230790
129224287
129233647
129222539
129216222
129224285
129221471
129216195
129227333
129234563
129220637
129216476
129229677
129225735
129223661
129227379
129217789
129216718
129221488
129229845
129224731
129229928
129229632
129231218
129223764
129223984
129218506
129228163
129226886
129232578
129218975
129221879
129230677
129221377
129222161
129216923
129234017
129225779
129232635
129229894
129229518
129228186
129216534
129227522
129215985
129216656
129231911
129229361
129231018
129222332
129220650
129229881
129228069
129226786
129227678
129228684
129231682
129228435
129234561
129231698
129217029
129232152
129225224
129227287
129228269
129231882
129216853
129221522
129228654
129231499
129228128
129219663
129221552
129222169
129231774
129224014
129230978
129223187
129234410
129231664
129220743
129227254
129228668
129225843
129225048
129218159
129228674
129227804
129227226
129219760
129231279
129218148
129229784
129217286
129217442
129231289
129224992
129235168
129221953
129222182
129224556
129226912
129227431
129222157
129231430
129226077
129223750
129224993
129219249
129229901
129227792
129228346
129229959
129232590
129232589
129216299
129221984
129224716
129225786
129226389
129222137
129222702
129219727
129227816
129227434
129229247
129228571
129221342
129223920
129226311
129223245
129217450
129225793
129225791
129232724
129228114
129232752
129218158
129216149
129234083
129216610
129221176
129222356
129219809
129230129
129221203
129221241
129231434
129228640
129228086
129228164
129228274
129228233
129218585
129234019
129219883
129229253
129224949
129229245
129229460
129224386
129229308
129230064
129224611
129223819
129222434
129225737
129218234
129224096
129234376
129224664
129234399
129235147
129217586
129217389
129225094
129231145
129229427
129225179
129225556
129224017
129228223
129221368
129223902
129226309
129224667
129224670
129229314
129225203
129221943
129232534
129226514
129217220
129225965
129232102
129226692
129229956
129229586
129229716
129218695
129222005
129219294
129232189
129218503
129219024
129230399
129220915
129221652
129222170
129229546
129229551
129218270
129222087
129231048
129231660
129234212
129217013
129232351
129224189
129224364
129233970
129231551
129228477
129224055
129232942
129227363
129227727
129219820
129221481
129235232
129220648
129221081
129226904
129229337
129224304
129219498
129218602
129223940
129226648
129225613
129217318
129217728
129227843
129225997
129225226
129216970
129216971
129233578
129224488
129228055
129231643
129222025
129217698
129221138
129217077
129228074
129231636
129225618
129217338
129229244
129233171
129230055
129224909
129226915
129232421
129218833
129220268
129228023
129220095
129234416
129224077
129235239
129231783
129231812
129233786
129230333
129224498
129217463
129222973
129228385
129222392
129227315
129227978
129222287
129234121
129216239
129220489
129220836
129231767
129231668
129227628
129223866
129221299
129230741
129218015
129224574
129221863
129234442
129220121
129222778
129224613
129225635
129231222
129223409
129225096
129217067
129216395
129216397
129222265
129230317
129218272
129221578
129217196
129234065
129217347
129230358
129217061
129218848
129219873
129222867
129218493
129216523
129226235
129216015
129229413
129229710
129218684
129229667
129231697
129226171
129221899
129234375
129229994
129222106
129233684
129229834
129222638
129234245
129230080
129222461
129220686
129218486
129229321
129228355
129234035
129221196
129231027
129217163
129217166
129219676
129216582
129233388
129229823
129234321
129222882
129225979
129217573
129219993
129227034
129216167
129216788
129234577
129228140
129227031
129223274
129231229
129220399
129233761
129230295
129218792
129234668
129218184
129229631
129218463
129224554
129228569
129230260
129230106
129222208
129224324
129220105
129232327
129217109
129217357
129223186
129216266
129227318
129228467
129223879
129222242
129226526
129233173
129219783
129234511
129231632
129229616
129218257
129219278
129223839
129226358
129224469
129222828
129234620
129216872
129221218
129219080
129218604
129234660
129223135
129223136
129222048
129218373
129233195
129226229
129231435
129231076
129225114
129228418
129228197
129229837
129219736
129220680
129216763
129219335
129216777
129221123
129230113
129221373
129220056
129226674
129223243
129232763
129228416
129233737
129228334
129216079
129216544
129234250
129231016
129230160
129220774
129220603
129231760
129231679
129235270
129231650
129224595
129227416
129225207
129231010
129216939
129227635
129216254
129216288
129216292
129225829
129234570
129227969
129221226
129221228
129223944
129217010
129217030
129223970
129232732
129217386
129225117
129228177
129228474
129232407
129221907
129226887
129222508
129217757
129219228
129218276
129226697
129231525
129222269
129224404
129226610
129223768
129226411
129220863
129218498
129218895
129216870
129233091
129234680
129217760
129227584
129221964
129222110
129232712
129223229
129233702
129218238
129229926
129217000
129221585
129226375
129219713
129219712
129220038
129218335
129218525
129232813
129217538
129224127
129218249
129223408
129218059
129228646
129219282
129233862
129225252
129220630
129222283
129217188
129217597
129216966
129218790
129219810
129219454
129219791
129225962
129229227
129231405
129230712
129221229
129222037
129234194
129216362
129221018
129223214
129221629
129220383
129219058
129229287
129219243
129217133
129234259
129218196
129234541
129222204
129228078
129218497
129228014
129222394
129217274
129224027
129226078
129233744
129224945
129227870
129217367
129221097
129228009
129225757
129219420
129220375
129230280
129225034
129220390
129225180
129217146
129218099
129227410
129219777
129222307
129220790
129218023
129221329
129231686
129218333
129219722
129222217
129229832
129227292
129224154
129230985
129220421
129228333
129216238
129226339
129216871
129224195
129218554
129233014
129219351
129231847
129230732
129226574
129225934
129231236
129232404
129219164
129230392
129218546
129229861
129229360
129216022
129222598
129230345
129229392
129227426
129226455
129224260
129226723
129222817
129227511
129222934
129235287
129232612
129220101
129226168
129227440
129222883
129216346
129219114
129222582
129227974
129222957
129234642
129223042
129232527
129226853
129228717
129234506
129232147
129217128
129232523
129216064
129232066
129224372
129218505
129234548
129222133
129223917
129218250
129218605
129233394
129227848
129231391
129226128
129229981
129223898
129234182
129222127
129235129
129225931
129231129
129225301
129231148
129219664
129223559
129225655
129229764
129218656
129222092
129227580
129220621
129221934
129220088
129220086
129218629
129231172
129220184
129232132
129221311
129224020
129216904
129231481
129231437
129231409
129217435
129232599
129233247
129217242
129218796
129219130
129231082
129216227
129219456
129224989
129226579
129234641
129234222
129220837
129227565
129224142
129222958
129224546
129223796
129230216
129229406
129225000
129231552
129216849
129228618
129218801
129222745
129222744
129216044
129235229
129233117
129230023
129232140
129217016
129216178
129220484
129219661
129226937
129225740
129222663
129228031
129222275
129232570
129234608
129216773
129217065
129226827
129221351
129227732
129226012
129226766
129219349
129226053
129235294
129232505
129227741
129228623
129228634
129234389
129218057
129216131
129225775
129224962
129224963
129222594
129230459
129224560
129230393
129222107
129225622
129225023
129222986
129217212
129220772
129219300
129225941
129227464
129217246
129216092
129224174
129220252
129219240
129219196
129234299
129225231
129229322
129220437
129224752
129226913
129228130
129219874
129235123
129222465
129227688
129229431
129230052
129216591
129217340
129221358
129223306
129219863
129231438
129230936
129221926
129216717
129219728
129226025
129231420
129224903
129221013
129230140
129225146
129231065
129227383
129220131
129219160
129217443
129222375
129219165
129234175
129219956
129216448
129218151
129231750
129228113
129221917
129218448
129231522
129217045
129218547
129219360
129218662
129228667
129229933
129221554
129231302
129231096
129217507
129224839
129233199
129231607
129223070
129226477
129227835
129227613
129228249
129228574
129223996
129225772
129221078
129224988
129217482
129217627
129231699
129224776
129230327
129219392
129227424
129216331
129227530
129216114
129226331
129218620
129228143
129231207
129234509
129235327
129225111
129231769
129233923
129217254
129216493
129217466
129217229
129222819
129218190
129229654
129216967
129232419
129227343
129217276
129218061
129222753
129218305
129227418
129220096
129219834
129225724
129222347
129226488
129230235
129224348
129232696
129220407
129219120
129224401
129227588
129217017
129216485
129219084
129220696
129226509
129228018
129223962
129217619
129234320
129224306
129221197
129219316
129228095
129216479
129221371
129216349
129232346
129226185
129223311
129222061
129231323
129221174
129231388
129231471
129216162
129228217
129225090
129226454
129226819
129232167
129229864
129226031
129224527
129222467
129218312
129222735
129227812
129231051
129232798
129220487
129228637
129220736
129229858
129223995
129225722
129219270
129220446
129217734
129222188
129234118
129218566
129225031
129216958
129229278
129228528
129217144
129223369
129228089
129227891
129229535
129231239
129224219
129218932
129218703
129227605
129218418
129225221
129234263
129226771
129219246
129231372
129229995
129221490
129235328
129218858
129226396
129231190
129231192
129226182
129227323
129222674
129226836
129225052
129226471
129230092
129231235
129223998
129224886
129225557
129218108
129230463
129216467
129229466
129228037
129231492
129229915
129224550
129235101
129218273
129225609
129234336
129229975
129217147
129218284
129223731
129230450
129231475
129218443
129230324
129233104
129228088
129217076
129226825
129231503
129227058
129217083
129221455
129221247
129230343
129217725
129225478
129232143
129225689
129222201
129226306
129218722
129217069
129222678
129219009
129231723
129225958
129218477
129222751
129231696
129220333
129233691
129220544
129231746
129226963
129217115
129217311
129228395
129235226
129224616
129230466
129216791
129230053
129222565
129219194
129225855
129217589
129224156
129224998
129230384
129216759
129231624
129220981
129218512
129220516
129218704
129231816
129225923
129221202
129224676
129219142
129220546
129221062
129224184
129229234
129222812
129223919
129218239
129217633
129230054
129216561
129224449
129231155
129233189
129234505
129219048
129230573
129220856
129221096
129216201
129223012
129233239
129221436
129217251
129221343
129230259
129221968
129234666
129223929
129220507
129224658
129220811
129226102
129227737
129216573
129218641
129217092
129220396
129233047
129227767
129228151
129222622
129226729
129225705
129218452
129221059
129226948
129216070
129233001
129230115
129229659
129216834
129218987
129228485
129232365
129218075
129227753
129225095
129226255
129217277
129225060
129231780
129234924
129216519
129229870
129223305
129225614
129221527
129225897
129226029
129223975
129224841
129223084
129228284
129231790
129219141
129226784
129219365
129223024
129233244
129224098
129217511
129217510
129219263
129230167
129227808
129217430
129218607
129222689
129227610
129217401
129223282
129217027
129231641
129232439
129229968
129222838
129229685
129217829
129219047
129227786
129217187
129230365
129231609
129216412
129231325
129226829
129218361
129228586
129221469
129231180
129227401
129217195
129218464
129232950
129231870
129226419
129227657
129219921
129228061
129217622
129217501
129226714
129219642
129231739
129219410
129226357
129223772
129233624
129225929
129223166
129220294
129234011
129222932
129228048
129218992
129220598
129226957
129220164
129221053
129227591
129226981
129228339
129219259
129218855
129218709
129230133
129230344
129217830
129218302
129229608
129224432
129217646
129221276
129220770
129224570
129219833
129233108
129225054
129216323
129225863
129216017
129217381
129234448
129219896
129220471
129226489
129226686
129223051
129232673
129229953
129228610
129219262
129234597
129229958
129226769
129226760
129221332
129229214
129224982
129228013
129222602
129216547
129216593
129224440
129223800
129222878
129224203
129221301
129224171
129229877
129222898
129232420
129230680
129219032
129224700
129231508
129219242
129224539
129220092
129223228
129218929
129219198
129234341
129224110
129231458
129231753
129229990
129226779
129219906
129219204
129221249
129218138
129217516
129219304
129225051
129225543
129224811
129221135
129226054
129217404
129229743
129228434
129234351
129219848