129233975
129217825
129221291
129231815
129230725
129231450
129231440
129220903
129233056
129234812
129231827
129219230
129231152
129233238
129230641
129224281
129231089
129229398
129233235
129230408
129218775
129228661
129228659
129223377
129231620
129220732
129218958
129223157
129234278
129220757
129220986
129223432
129228432
129235117
129224532
129221873
129225729
129225013
129217630
129228091
129228063
129232065
129233038
129225091
129226415
129221006
129228439
129216580
129219183
129219714
129218314
129226070
129229812
129234104
129226177
129220331
129218398
129218125
129230744
129223095
129222631
129232769
129223096
129226341
129219694
129223765
129224323
129216798
129218030
129222487
129219770
129231221
129231250
129231278
129226510
129226572
129217545
129226209
129222636
129229828
129219238
129224942
129218972
129222152
129222994
129226511
129222784
129219010
129232457
129224131
129216110
129216111
129227793
129228285
129216380
129216607
129230024
129228150
129233569
129221210
129235191
129216317
129225247
129230444
129233658
129233408
129219247
129227998
129229299
129219886
129222263
129229528
129219091
129233788
129225079
129224991
129231128
129218527
129218644
129218730
129218174
129216147
129220566
129223443
129222818
129219087
129220239
129235156
129219356
129229290
129219926
129235201
129231176
129218400
129231453
129225528
129234391
129234093
129227224
129220274
129224519
129218915
129227066
129225975
129222125
129226690
129231392
129231271
129219276
129225212
129233781
129234478
129234159
129230000
129224594
129233144
129230758
129227935
129217218
129227023
129226220
129216305
129221415
129231749
129233167
129231738
129227265
129227128
129228475
129230441
129233423
129225911
129220393
129224280
129229545
129219001
129218384
129230723
129222016
129218522
129218521
129222378
129230175
129226838
129226839
129224126
129221949
129222396
129229488
129218670
129230436
129227062
129230326
129222671
129222670
129224997
129224996
129219701
129231115
129223754
129220660
129224740
129228326
129235277
129221937
129217159
129231744
129226647
129225746
129231035
129226759
129231326
129218945
129220232
129216992
129229604
129234308
129223885
129216437
129228413
129235267
129219137
129217639
129227476
129228263
129219626
129216427
129222656
129219959
129233120
129229256
129216492
129224399
129234342
129231851
129234780
129228121
129218473
129216374
129217379
129231600
129221982
129219014
129231425
129233571
129221962
129216959
129229843
129216986
129216060
129218973
129233159
129226894
129234095
129232112
129225892
129218137
129216019
129225745
129227384
129228388
129234652
129217198
129226551
129222987
129223321
129225933
129222189
129233647
129227333
129229677
129223661
129227379
129231218
129223984
129228069
129231882
129227226
129224556
129229901
129232590
129232589
129222137
129228571
129218158
129228640
129228086
129228164
129228274
129228233
129223819
129218234
129229956
129229716
129219294
129218270
129219498
129217077
129230055
129228023
129220095
129230333
129217067
129229667
129225979
129223274
129218463
129233173
129234511
129231632
129219335
129216939
129234570
129219228
129218276
129226411
129221964
129218249
129218790
129219810
129219454
129229227
129221229
129221629
129220383
129219243
129233744
129228009
129219420
129220790
129218333
129219722
129216871
129219114
129223042
129224852
129232066
129234548
129227848
129218629
129232599
129233247
129232140
129219661
129222663
129232570
129219349
129234389
129230459
129217212
129234299
129219874
129217340
129216717
129225146
129231065
129227383
129217443
129217507
129228249
129216331
129234509
129217229
129217276
129218061
129225724
129217676
129219120
129232346
129226185
129231388
129224527
129217734
129216958
129229278
129227891
129229535
129231239
129235328
129223998
129218108
129218273
129218284
129231475
129222751
129231696
129224616
129219194
129217589
129224156
129225923
129218239
129216573
129227767
129230115
129226255
129224920
129231325
129231870
129226714
129234011
129226981
129227972
129221276
129221301
129229877
129224700
129223228
129234341
129221249