107436082
107436083
107436084
107436086
107436088
107436090
107436091
107436092
107436095
107436100
107436104
107436105
107436108
107436122
107436124
107436125
107436127
107436137
107436138
107436144
107436150
107436158
107436162
107436164
107436165
107436166
107436169
107436177
107436178
107436184
107436185
107436187
107436191
107436192
107436200
107436212
107436216
107436221
107436222
107436223
107436226
107436228
107436230
107436231
107436237
107436239
107436240
107436244
107436245
107436247
107436256
107436259
107436264
107436265
107436269
107436273
107436274
107436275
107436281
107436282
107436283
107436289
107436292
107436297
107436299
107436302
107436304
107436314
107436315
107436316
107436320
107436324
107436325
107436326
107436327
107436332
107436342
107436343
107436350
107436358
107436363
107436364
107436368
107436372
107436375
107436379
107436381
107436382
107436385
107436391
107436392
107436394
107436401
107436408
107436412
107436417
107436418
107436420
107436422
107436429
107436430
107436447
107436449
107436458
107436460
107436461
107436464
107436465
107436472
107436476
107436478
107436479
107436481
107436487
107436490
107436492
107436493
107436498
107436500
107436503
107436509
107436511
107436512
107436513
107436518
107436521
107436528
107436530
107436531
107436532
107436533
107436536
107436550
107436551
107436552
107436554
107436556
107436558
107436559
107436560
107436563
107436567
107436569
107436570
107436573
107436574
107436575
107436578
107436579
107436583
107436584
107436586
107436588
107436590
107436592
107436595
107436597
107436601
107436606
107436611
107436612
107436620
107436622
107436623
107436625
107436628
107436637
107436642
107436644
107436654
107436661
107436663
107436675
107436679
107436681
107436686
107436691
107436692
107436695
107436697
107436699
107436706
107436707
107436708
107436709
107436715
107436722
107436728
107436731
107436737
107436738
107436743
107436748
107436763
107436765
107436768
107436770
107436771
107436772
107436781
107436782
107436783
107436785
107436787
107436790
107436792
107436795
107436798
107436801
107436815
107436818
107436820
107436824
107436825
107436829
107436833
107436834
107436836
107436838
107436849
107436856
107436857
107436866
107436874
107436875
107436887
107436893
107436894
107436898
107436899
107436902
107436904
107436909
107436912
107436921
107436922
107436928
107436942
107436947
107436948
107436952
107436956
107436959
107436961
107436966
107436969
107436970
107436971
107436973
107436974
107436979
107436980
107436981
107436982
107436991
107436993
107436994
107436995
107437002
107437007
107437008
107437020
107437024
107437029
107437030
107437031
107437032
107437033
107437034
107437035
107437036
107437038
107437039
107437041
107437043
107437046
107437050
107437051
107437062
107437065
107437066
107437070
107437075
107437077
107437078
107437079
107437080
107437085
107437086
107437088
107437091
107437099
107437101
107437106
107437110
107437113
107437117
107437124
107437127
107437138
107437144
107437145
107437153
107437156
107437170
107437171
107437190
107437191
107437197
107437200
107437201
107437202
107437203
107437204
107437211
107437214
107437216
107437217
107437221
107437223
107437224
107437226
107437231
107437234
107437238
107437240
107437241
107437245
107437251
107437252
107437253
107437256
107437257
107437266
107437269
107437276
107437278
107437280
107437282
107437289
107437291
107437293
107437304
107437305
107437313
107437319
107437327
107437329
107437331
107437335
107437339
107437342
107437344
107437348
107437353
107437354
107437356
107437359
107437365
107437367
107437368
107437370
107437371
107437384
107437389
107437390
107437391
107437392
107437397
107437399
107437400
107437401
107437402
107437406
107437416
107437425
107437426
107437428
107437439
107437442
107437443
107437447
107437451
107437456
107437457
107437458
107437461
107437468
107437470
107437474
107437476
107437479
107437480
107437481
107437492
107437493
107437506
107437510
107437525
107437526
107437527
107437528
107437531
107437533
107437535
107437549
107437557
107437562
107437569
107437570
107437577
107437581
107437588
107437589
107437590
107437592
107437593
107437594
107437600
107437610
107437615
107437621
107437625
107437627
107437628
107437643
107437653
107437662
107437663
107437665
107437666
107437670
107437674
107437680
107437682
107437684
107437685
107437687
107437696
107437697
107437700
107437702
107437704
107437707
107437715
107437722
107437723
107437725
107437726
107437727
107437735
107437736
107437737
107437738
107437739
107437740
107437741
107437742
107437743
107437746
107437752
107437753
107437770
107437771
107437781
107437785
107437806
107437810
107437815
107437816
107437818
107437837
107437838
107437843
107437845
107437851
107437853
107437856
107437859
107437860
107437864
107437870
107437871
107437876
107437877
107437881
107437882
107437884
107437887
107437889
107437895
107437907
107437914
107437920
107437921
107437928
107437929
107437930
107437935
107437936
107437940
107437942
107437944
107437947
107437954
107437955
107437959
107437961
107437962
107437965
107437969
107437972
107437981
107437982
107437986
107437987
107437989
107437991
107437992
107437997
107437998
107437999
107438005
107438007
107438008
107438010
107438014
107438015
107438018
107438022
107438026
107438030
107438031
107438032
107438035
107438039
107438051
107438052
107438053
107438054
107438056
107438063
107438068
107438070
107438072
107438073
107438075
107438080
107438083
107438084
107438094
107438117
107438122
107438123
107438124
107438132
107438133
107438135
107438136
107438137
107438138
107438141
107438145
107438153
107438157
107438158
107438162
107438163
107438164
107438167
107438168
107438169
107438171
107438174
107438179
107438183
107438189
107438197
107438199
107438202
107438209
107438210
107438212
107438213
107438214
107438219
107438220
107438239
107438242
107438243
107438245
107438250
107438258
107438260
107438261
107438263
107438266
107438271
107438273
107438277
107438278
107438279
107438280
107438283
107438284
107438286
107438289
107438290
107438291
107438298
107438299
107438301
107438303
107438307
107438309
107438321
107438324
107438326
107438328
107438333
107438334
107438335
107438337
107438339
107438341
107438342
107438349
107438350
107438352
107438353
107438356
107438358
107438368
107438369
107438374
107438378
107438382
107438384
107438387
107438392
107438398
107438409
107438410
107438414
107438417
107438418
107438419
107438420
107438426
107438427
107438429
107438435
107438443
107438445
107438447
107438448
107438449
107438453
107438454
107438468
107438471
107438478
107438484
107438486
107438488
107438502
107438505
107438511
107438519
107438520
107438521
107438525
107438527
107438528
107438533
107438534
107438545
107438548
107438550
107438554
107438559
107438560
107438567
107438573
107438574
107438585
107438588
107438594
107438596
107438598
107438605
107438608
107438609
107438610
107438614
107438615
107438633
107438636
107438644
107438659
107438663
107438670
107438671
107438673
107438675
107438677
107438681
107438690
107438694
107438703
107438705
107438707
107438708
107438711
107438714
107438719
107438720
107438722
107438725
107438726
107438727
107438730
107438732
107438735
107438736
107438739
107438740
107438741
107438744
107438746
107438747
107438749
107438753
107438755
107438758
107438761
107438763
107438764
107438765
107438767
107438772
107438776
107438782
107438786
107438788
107438794
107438797
107438810
107438826
107438827
107438830
107438831
107438832
107438834
107438835
107438836
107438837
107438838
107438841
107438844
107438845
107438847
107438858
107438860
107438868
107438869
107438870
107438873
107438874
107438876
107438878
107438879
107438883
107438884
107438886
107438892
107438897
107438912
107438914
107438920
107438930
107438932
107438934
107438937
107438939
107438942
107438943
107438950
107438957
107438958
107438959
107438960
107438964
107438966
107438967
107438973
107438975
107438976
107438982
107438984
107438985
107438987
107438992
107438993
107438996
107438998
107439009
107439014
107439016
107439017
107439018
107439020
107439021
107439024
107439027
107439029
107439031
107439037
107439038
107439040
107439041
107439042
107439050
107439052
107439054
107439058
107439064
107439068
107439069
107439076
107439080
107439083
107439086
107439087
107439091
107439092
107439094
107439097
107439098
107439101
107439103
107439105
107439117
107439122
107439124
107439126
107439147
107439148
107439162
107439163
107439164
107439168
107439175
107439176
107439181
107439183
107439186
107439195
107439200
107439205
107439212
107439216
107439218
107439221
107439224
107439229
107439231
107439233
107439236
107439237
107439240
107439242
107439243
107439246
107439252
107439258
107439259
107439261
107439264
107439267
107439269
107439270
107439271
107439273
107439275
107439276
107439278
107439279
107439283
107439288
107439290
107439296
107439297
107439298
107439300
107439301
107439303
107439305
107439311
107439313
107439320
107439333
107439334
107439338
107439346
107439355
107439356
107439357
107439360
107439366
107439371
107439373
107439374
107439375
107439378
107439379
107439385
107439392
107439395
107439396
107439409
107439424
107439442
107439444
107439448
107439451
107439462
107439464
107439466
107439467
107439468
107439469
107439476
107439478
107439480
107439482
107439483
107439484
107439486
107439493
107439499
107439511
107439513
107439515
107439516
107439518
107439522
107439525
107439528
107439533
107439534
107439543
107439545
107439546
107439550
107439553
107439554
107439556
107439559
107439561
107439562
107439564
107439566
107439567
107439574
107439580
107439581
107439585
107439589
107439591
107439593
107439596
107439601
107439606
107439610
107439611
107439615
107439618
107439629
107439633
107439635
107439636
107439637
107439638
107439644
107439649
107439650
107439652
107439653
107439655
107439656
107439657
107439658
107439664
107439667
107439670
107439672
107439673
107439674
107439682
107439695
107439696
107439697
107439698
107439705
107439717
107439722
107439727
107439729
107439730
107439742
107439744
107439747
107439748
107439756
107439757
107439758
107439763
107439766
107439767
107439778
107439782
107439789
107439790
107439796
107439800
107439801
107439804
107439805
107439806
107439808
107439809
107439811
107439812
107439813
107439816
107439819
107439822
107439823
107439827
107439830
107439831
107439835
107439836
107439842
107439844
107439851
107439852
107439853
107439866
107439872
107439874
107439880
107439881
107439882
107439883
107439884
107439886
107439888
107439895
107439899
107439900
107439902
107439903
107439907
107439913
107439915
107439920
107439925
107439929
107439932
107439936
107439942
107439945
107439948
107439961
107439962
107439964
107439976
107439981
107439982
107439984
107439986
107439989
107439991
107439993
107440016
107440018
107440019
107440020
107440022
107440024
107440033
107440035
107440056
107440057
107440058
107440064
107440066
107440069
107440072
107440073
107440074
107440075
107440081
107440083
107440086
107440087
107440088
107440093
107440094
107440103
107440111
107440118
107440124
107440128
107440144
107440146
107440148
107440149
107440150
107440152
107440157
107440161
107440163
107440173
107440180
107440182
107440188
107440190
107440191
107440199
107440205
107440209
107440219
107440220
107440223
107440224
107440231
107440232
107440234
107440235
107440240
107440258
107440264
107440265
107440278
107440285
107440287
107440289
107440296
107440302
107440305
107440307
107440314
107440326
107440328
107440329
107440330
107440331
107440333
107440334
107440338
107440339
107440340
107440341
107440345
107440346
107440349
107440356
107440357
107440374
107440382
107440384
107440387
107440390
107440394
107440398
107440401
107440415
107440417
107440418
107440421
107440424
107440425
107440427
107440428
107440431
107440434
107440435
107440439
107440440
107440444
107440449
107440451
107440457
107440458
107440460
107440467
107440470
107440473
107440477
107440478
107440480
107440482
107440483
107440485
107440486
107440487
107440490
107440492
107440498
107440500
107440502
107440509
107440513
107440518
107440520
107440528
107440531
107440536
107440540
107440544
107440556
107440557
107440560
107440562
107440564
107440567
107440570
107440577
107440583
107440588
107440589
107440595
107440602
107440604
107440606
107440609
107440610
107440615
107440616
107440618
107440620
107440638
107440639
107440641
107440642
107440644
107440647
107440650
107440652
107440660
107440662
107440667
107440672
107440674
107440676
107440678
107440679
107440682
107440685
107440689
107440694
107440695
107440696
107440698
107440702
107440703
107440704
107440706
107440707
107440714
107440717
107440719
107440725
107440726
107440727
107440728
107440733
107440747
107440754
107440757
107440758
107440761
107440765
107440771
107440774
107440775
107440779
107440784
107440803
107440805
107440806
107440819
107440820
107440822
107440829
107440831
107440832
107440837
107440838
107440839
107440840
107440842
107440844
107440851
107440853
107440854
107440856
107440866
107440869
107440873
107440879
107440883
107440884
107440893
107440894
107440895
107440897
107440900
107440902
107440903
107440906
107440910
107440911
107440912
107440913
107440914
107440915
107440916
107440919
107440920
107440923
107440924
107440928
107440929
107440930
107440933
107440935
107440939
107440941
107440947
107440948
107440949
107440952
107440954
107440956
107440963
107440964
107440966
107440967
107440973
107440974
107440979
107440981
107440983
107440988
107440992
107440994
107441002
107441003
107441006
107441009
107441014
107441022
107441023
107441024
107441025
107441033
107441036
107441038
107441041
107441043
107441045
107441055
107441073
107441074
107441076
107441077
107441080
107441084
107441085
107441087
107441088
107441090
107441095
107441097
107441102
107441106
107441111
107441117
107441124
107441125
107441138
107441148
107441153
107441154
107441156
107441160
107441162
107441163
107441166
107441174
107441179
107441180
107441183
107441186
107441187
107441188
107441191
107441192
107441194
107441201
107441203
107441204
107441205
107441206
107441207
107441231
107441232
107441235
107441250
107441252
107441256
107441257
107441258
107441265
107441269
107441272
107441278
107441280
107441282
107441283
107441287
107441291
107441296
107441319
107441331
107441332
107441333
107441334
107441339
107441346
107441347
107441348
107441350
107441351
107441352
107441353
107441354
107441356
107441361
107441365
107441367
107441368
107441371
107441374
107441375
107441384
107441387
107441389
107441393
107441408
107441409
107441411
107441412
107441413
107441414
107441418
107441419
107441420
107441427
107441432
107441433
107441434
107441436
107441437
107441439
107441443
107441450
107441452
107441458
107441460
107441464
107441470
107441475
107441476
107441477
107441481
107441492
107441512
107441514
107441518
107441520
107441522
107441524
107441527
107441529
107441534
107441537
107441540
107441541
107441543
107441560
107441572
107441578
107441582
107441586
107441589
107441610
107441620
107441626
107441627
107441628
107441629
107441630
107441633
107441634
107441635
107441637
107441639
107441640
107441642
107441643
107441645
107441650
107441651
107441660
107441664
107441670
107441673
107441686
107441687
107441688
107441689
107441690
107441694
107441695
107441697
107441700
107441703
107441706
107441713
107441718
107441720
107441722
107441724
107441725
107441727
107441728
107441736
107441742
107441750
107441752
107441755
107441760
107441762
107441767
107441774
107441775
107441780
107441782
107441784
107441786
107441798
107441810
107441814
107441816
107441821
107441823
107441829
107441832
107441833
107441846
107441852
107441853
107441855
107441856
107441857
107441858
107441860
107441868
107441872
107441877
107441879
107441880
107441882
107441900
107441902
107441904
107441905
107441908
107441918
107441919
107441922
107441927
107441928
107441929
107441930
107441931
107441938
107441954
107441955
107441964
107441968
107441970
107441975
107441979
107441980
107441981
107441982
107441985
107441986
107441987
107441988
107441991
107441994
107441995
107441997
107441998
107442000
107442002
107442003
107442007
107442008
107442011
107442012
107442014
107442016
107442018
107442020
107442023
107442024
107442025
107442034
107442038
107442044
107442047
107442050
107442054
107442058
107442059
107442060
107442064
107442065
107442066
107442067
107442075
107442078
107442081
107442082
107442085
107442087
107442088
107442093
107442094
107442095
107442096
107442097
107442102
107442104
107442105
107442106
107442107
107442118
107442123
107442124
107442125
107442127
107442128
107442131
107442140
107442142
107442145
107442146
107442149
107442153
107442163
107442164
107442167
107442170
107442172
107442175
107442181
107442182
107442190
107442191
107442193
107442200
107442201
107442203
107442205
107442208
107442210
107442211
107442214
107442217
107442219
107442221
107442224
107442231
107442232
107442240
107442241
107442242
107442246
107442251
107442252
107442266
107442269
107442270
107442272
107442273
107442274
107442275
107442278
107442279
107442284
107442286
107442289
107442299
107442308
107442310
107442312
107442317
107442323
107442335
107442351
107442352
107442359
107442362
107442376
107442379
107442380
107442386
107442391
107442395
107442396
107442399
107442402
107442403
107442404
107442405
107442409
107442426
107442431
107442437
107442438
107442440
107442441
107442446
107442447
107442449
107442453
107442456
107442473
107442474
107442476
107442481
107442485
107442490
107442492
107442496
107442498
107442501
107442502
107442529
107442532
107442555
107442560
107442562
107442563
107442568
107442572
107442573
107442580
107442587
107442592
107442598
107442601
107442608
107442615
107442618
107442619
107442621
107442626
107442627
107442630
107442633
107442634
107442635
107442640
107442643
107442649
107442660
107442662
107442665
107442670
107442671
107442672
107442673
107442674
107442677
107442680
107442685
107442689
107442692
107442697
107442698
107442702
107442704
107442727
107442731
107442733
107442736
107442743
107442746
107442754
107442757
107442765
107442769
107442772
107442779
107442780
107442784
107442795
107442796
107442811
107442817
107442820
107442821
107442827
107442828
107442829
107442849
107442850
107442862
107442863
107442865
107442866
107442867
107442878
107442879
107442880
107442883
107442884
107442885
107442886
107442887
107442888
107442890
107442892
107442897
107442903
107442904
107442905
107442907
107442912
107442934
107442943
107442948
107442949
107442954
107442961
107442964
107442968
107442979
107442984
107442988
107442993
107443000
107443002
107443004
107443005
107443010
107443011
107443023
107443024
107443026
107443027
107443034
107443042
107443044
107443053
107443055
107443058
107443063
107443067
107443068
107443073
107443075
107443077
107443085
107443091
107443092
107443098
107443099
107443100
107443102
107443107
107443117
107443119
107443124
107443131
107443134
107443138
107443139
107443152
107443157
107443158
107443159
107443160
107443161
107443172
107443175
107443180
107443182
107443183
107443184
107443186
107443189
107443193
107443204
107443208
107443217
107443226
107443227
107443232
107443233
107443234
107443248
107443251
107443255
107443261
107443263
107443266
107443269
107443270
107443271
107443272
107443281
107443282
107443295
107443296
107443300
107443303
107443304
107443305
107443312
107443332
107443336
107443337
107443339
107443340
107443343
107443344
107443345
107443346
107443347
107443348
107443349
107443351
107443352
107443362
107443366
107443369
107443373
107443374
107443375
107443388
107443391
107443395
107443399
107443403
107443419
107443427
107443440
107443447
107443450
107443451
107443452
107443458
107443459
107443462
107443463
107443468
107443470
107443472
107443478
107443479
107443482
107443488
107443490
107443493
107443498
107443504
107443506
107443512
107443519
107443524
107443532
107443533
107443534
107443541
107443550
107443556
107443558
107443568
107443579
107443581
107443582
107443583
107443592
107443594
107443595
107443597
107443600
107443604
107443605
107443613
107443615
107443617
107443618
107443619
107443623
107443626
107443629
107443634
107443635
107443637
107443638
107443642
107443645
107443650
107443656
107443664
107443667
107443668
107443670
107443684
107443685
107443686
107443687
107443692
107443694
107443696
107443697
107443699
107443700
107443704
107443707
107443709
107443719
107443720
107443723
107443728
107443732
107443733
107443735
107443736
107443738
107443739
107443743
107443747
107443753
107443756
107443757
107443758
107443760
107443761
107443762
107443764
107443767
107443771
107443776
107443778
107443783
107443784
107443793
107443796
107443797
107443799
107443800
107443803
107443807
107443808
107443812
107443814
107443818
107443820
107443838
107443843
107443846
107443848
107443854
107443855
107443857
107443858
107443870
107443876
107443877
107443889
107443890
107443891
107443901
107443903
107443904
107443907
107443910
107443911
107443913
107443928
107443930
107443933
107443935
107443943
107443945
107443946
107443947
107443948
107443949
107443952
107443954
107443955
107443959
107443964
107443968
107443970
107443971
107443974
107443975
107443979
107443980
107443981
107443982
107443984
107443987
107443996
107443997
107444000
107444001
107444002
107444033
107444034
107444036
107444044
107444045
107444046
107444049
107444050
107444057
107444058
107444059
107444063
107444065
107444070
107444071
107444072
107444074
107444080
107444084
107444093
107444097
107444108
107444125
107444126
107444127
107444128
107444131
107444132
107444135
107444137
107444139
107444140
107444141
107444150
107444151
107444155
107444159
107444160
107444164
107444168
107444173
107444174
107444178
107444179
107444182
107444189
107444201
107444203
107444205
107444224
107444228
107444230
107444233
107444234
107444236
107444243
107444246
107444247
107444248
107444254
107444258
107444261
107444265
107444269
107444271
107444283
107444285
107444286
107444312
107444313
107444333
107444335
107444336
107444339
107444341
107444346
107444347
107444350
107444361
107444363
107444366
107444376
107444382
107444389
107444401
107444406
107444408
107444427
107444435
107444438
107444440
107444442
107444453
107444454
107444455
107444456
107444459
107444462
107444465
107444467
107444468
107444483
107444485
107444487
107444491
107444493
107444495
107444496
107444497
107444498
107444508
107444512
107444514
107444528
107444531
107444534
107444538
107444544
107444550
107444551
107444553
107444554
107444555
107444556
107444558
107444564
107444568
107444569
107444575
107444576
107444579
107444581
107444582
107444584
107444585
107444586
107444589
107444591
107444593
107444609
107444610
107444617
107444625
107444627
107444628
107444651
107444658
107444662
107444664
107444665
107444670
107444675
107444676
107444683
107444687
107444705
107444720
107444724
107444726
107444729
107444732
107444742
107444743
107444744
107444748
107444752
107444753
107444762
107444765
107444770
107444771
107444774
107444781
107444788
107444804
107444805
107444806
107444808
107444809
107444832
107444836
107444837
107444838
107444843
107444844
107444846
107444852
107444855
107444857
107444861
107444864
107444868
107444869
107444874
107444876
107444879
107444885
107444895
107444896
107444907
107444912
107444913
107444918
107444927
107444929
107444932
107444940
107444942
107444946
107444948
107444949
107444952
107444953
107444955
107444973
107444975
107444977
107444979
107444985
107444997
107444999
107445005
107445008
107445009
107445010
107445015
107445017
107445019
107445020
107445026
107445032
107445036
107445045
107445048
107445055
107445056
107445058
107445059
107445060
107445061
107445063
107445069
107445071
107445073
107445077
107445079
107445081
107445091
107445092
107445098
107445099
107445104
107445109
107445111
107445112
107445121
107445122
107445123
107445125
107445131
107445132
107445135
107445142
107445143
107445145
107445146
107445148
107445150
107445151
107445155
107445162
107445163
107445164
107445173
107445177
107445181
107445188
107445191
107445195
107445211
107445212
107445216
107445219
107445221
107445225
107445228
107445229
107445231
107445236
107445238
107445244
107445252
107445253
107445257
107445266
107445269
107445274
107445275
107445276
107445286
107445290
107445296
107445297
107445298
107445302
107445304
107445308
107445310
107445312
107445324
107445327
107445328
107445331
107445332
107445334
107445338
107445344
107445345
107445347
107445351
107445360
107445365
107445373
107445376
107445377
107445388
107445391
107445392
107445393
107445399
107445401
107445402
107445405
107445407
107445410
107445416
107445421
107445428
107445441
107445449
107445454
107445457
107445463
107445467
107445469
107445477
107445478
107445482
107445484
107445487
107445490
107445498
107445501
107445503
107445505
107445511
107445515
107445520
107445522
107445530
107445531
107445534
107445535
107445537
107445540
107445558
107445576
107445582
107445584
107445596
107445597
107445605
107445606
107445612
107445613
107445614
107445615
107445618
107445619
107445623
107445624
107445627
107445628
107445633
107445635
107445636
107445637
107445649
107445654
107445659
107445667
107445686
107445688
107445693
107445694
107445720
107445721
107445722
107445723
107445724
107445725
107445728
107445730
107445731
107445732
107445735
107445741
107445746
107445749
107445751
107445755
107445759
107445763
107445770
107445773
107445775
107445777
107445778
107445780
107445791
107445793
107445805
107445807
107445810
107445816
107445824
107445827
107445829
107445831
107445832
107445836
107445837
107445841
107445852
107445859
107445872
107445875
107445878
107445896
107445900
107445904
107445906
107445908
107445917
107445918
107445919
107445923
107445924
107445927
107445928
107445930
107445931
107445933
107445938
107445939
107445943
107445946
107445948
107445949
107445956
107445957
107445958
107445961
107445964
107445965
107445969
107445972
107445976
107445982
107445985
107445990
107445991
107445992
107445993
107446000
107446001
107446007
107446012
107446014
107446015
107446020
107446025
107446026
107446030
107446034
107446044
107446048
107446052
107446061
107446062
107446065
107446072
107446074
107446076
107446079
107446081
107446082
107446089
107446092
107446095
107446096
107446097
107446098
107446099
107446101
107446102
107446112
107446113
107446115
107446124
107446139
107446151
107446154
107446158
107446160
107446164
107446167
107446168
107446173
107446178
107446182
107446184
107446185
107446186
107446187
107446188
107446190
107446198
107446208
107446209
107446210
107446215
107446217
107446218
107446220
107446237
107446238
107446239
107446245
107446248
107446250
107446258
107446262
107446265
107446274
107446276
107446277
107446280
107446284
107446295
107446298
107446303
107446305
107446306
107446310
107446319
107446337
107446347
107446348
107446349
107446352
107446354
107446355
107446359
107446361
107446364
107446368
107446371
107446373
107446374
107446378
107446381
107446382
107446383
107446387
107446396
107446402
107446404
107446406
107446407
107446424
107446425
107446427
107446430
107446431
107446432
107446433
107446439
107446447
107446448
107446459
107446462
107446463
107446472
107446477
107446481
107446485
107446490
107446491
107446493
107446495
107446510
107446515
107446520
107446522
107446527
107446547
107446551
107446553
107446560
107446563
107446569
107446570
107446571
107446574
107446576
107446577
107446584
107446585
107446587
107446593
107446597
107446600
107446605
107446607
107446608
107446611
107446614
107446630
107446631
107446634
107446636
107446642
107446643
107446644
107446648
107446650
107446654
107446656
107446658
107446660
107446661
107446663
107446665
107446666
107446668
107446669
107446670
107446672
107446673
107446690
107446696
107446699
107446701
107446702
107446705
107446715
107446716
107446718
107446727
107446729
107446730
107446740
107446746
107446748
107446751
107446755
107446756
107446757
107446760
107446762
107446763
107446766
107446767
107446768
107446774
107446775
107446780
107446783
107446784
107446785
107446794
107446795
107446799
107446816
107446820
107446821
107446827
107446828
107446833
107446840
107446842
107446844
107446858
107446867
107446878
107446886
107446889
107446892
107446897
107446902
107446905
107446908
107446911
107446915
107446919
107446920
107446923
107446926
107446927
107446929
107446930
107446932
107446936
107446942
107446946
107446961
107446962
107446964
107446968
107446970
107446977
107446979
107446980
107446981
107446985
107446987
107446988
107446991
107446992
107446995
107446997
107446998
107447004
107447007
107447008
107447010
107447012
107447016
107447019
107447025
107447028
107447029
107447031
107447032
107447035
107447037
107447046
107447063
107447068
107447073
107447075
107447079
107447088
107447096
107447098
107447104
107447105
107447107
107447112
107447113
107447114
107447116
107447123
107447125
107447126
107447127
107447128
107447145
107447146
107447147
107447150
107447155
107447159
107447161
107447162
107447175
107447176
107447177
107447185
107447205
107447211
107447219
107447225
107447226
107447237
107447242
107447243
107447244
107447248
107447251
107447253
107447255
107447256
107447259
107447261
107447263
107447267
107447269
107447285
107447293
107447298
107447300
107447301
107447328
107447329
107447331
107447337
107447338
107447340
107447341
107447342
107447343
107447346
107447348
107447355
107447356
107447360
107447370
107447371
107447374
107447376
107447379
107447384
107447386
107447387
107447390
107447392
107447393
107447399
107447404
107447406
107447408
107447409
107447411
107447412
107447426
107447427
107447429
107447430
107447444
107447446
107447455
107447456
107447458
107447464
107447474
107447477
107447480
107447481
107447483
107447491
107447507
107447514
107447525
107447528
107447538
107447549
107447550
107447553
107447559
107447560
107447561
107447564
107447565
107447570
107447572
107447574
107447578
107447584
107447586
107447591
107447593
107447594
107447596
107447601
107447606
107447610
107447615
107447617
107447618
107447624
107447625
107447627
107447628
107447629
107447630
107447631
107447636
107447646
107447647
107447652
107447654
107447655
107447656
107447662
107447665
107447667
107447672
107447673
107447678
107447682
107447686
107447687
107447689
107447690
107447691
107447694
107447699
107447701
107447703
107447707
107447708
107447709
107447713
107447714
107447723
107447726
107447737
107447748
107447750
107447755
107447757
107447766
107447768
107447773
107447776
107447794
107447796
107447798
107447800
107447801
107447807
107447813
107447814
107447817
107447819
107447822
107447826
107447827
107447833
107447834
107447835
107447836
107447846
107447848
107447852
107447860
107447861
107447869
107447870
107447873
107447876
107447881
107447882
107447890
107447892
107447905
107447906
107447907
107447908
107447912
107447915
107447917
107447924
107447925
107447927
107447931
107447933
107447937
107447942
107447943
107447945
107447948
107447952
107447954
107447956
107447958
107447959
107447961
107447962
107447963
107447964
107447967
107447968
107447969
107447971
107447972
107447981
107447982
107447986
107447990
107447991
107447993
107448001
107448002
107448003
107448011
107448017
107448019
107448025
107448032
107448044
107448050
107448053
107448055
107448056
107448058
107448060
107448065
107448066
107448079
107448087
107448091
107448096
107448099
107448102
107448109
107448110
107448120
107448125
107448132
107448142
107448147
107448150
107448152
107448157
107448158
107448162
107448165
107448178
107448180
107448182
107448185
107448189
107448190
107448191
107448196
107448197
107448198
107448201
107448205
107448206
107448208
107448216
107448219
107448222
107448230
107448231
107448233
107448236
107448252
107448253
107448262
107448264
107448268
107448270
107448272
107448280
107448284
107448294
107448300
107448307
107448308
107448310
107448316
107448318
107448326
107448327
107448332
107448333
107448337
107448346
107448351
107448359
107448363
107448368
107448374
107448378
107448379
107448385
107448386
107448390
107448394
107448396
107448397
107448398
107448400
107448401
107448403
107448406
107448407
107448408
107448419
107448428
107448431
107448434
107448435
107448440
107448444
107448446
107448449
107448451
107448454
107448455
107448459
107448462
107448464
107448478
107448481
107448483
107448487
107448489
107448499
107448500
107448501
107448502
107448507
107448508
107448509
107448511
107448512
107448515
107448516
107448524
107448527
107448528
107448531
107448533
107448546
107448549
107448553
107448555
107448558
107448563
107448564
107448565
107448567
107448569
107448570
107448574
107448575
107448576
107448577
107448578
107448579
107448580
107448581
107448583
107448598
107448604
107448607
107448610
107448613
107448617
107448625
107448633
107448634
107448642
107448644
107448654
107448655
107448657
107448668
107448674
107448680
107448681
107448683
107448697
107448699
107448709
107448710
107448722
107448725
107448727
107448728
107448730
107448735
107448738
107448739
107448764
107448780
107448785
107448792
107448794
107448795
107448798
107448802
107448804
107448805
107448807
107448809
107448813
107448823
107448826
107448829
107448832
107448834
107448842
107448845
107448857
107448858
107448859
107448862
107448863
107448877
107448879
107448880
107448882
107448886
107448889
107448892
107448894
107448896
107448897
107448899
107448901
107448902
107448906
107448910
107448911
107448921
107448933
107448934
107448946
107448948
107448949
107448952
107448953
107448959
107448960
107448967
107448969
107448972
107448975
107448976
107448977
107448981
107448983
107448992
107448995
107449002
107449005
107449006
107449010
107449013
107449017
107449022
107449023
107449028
107449033
107449043
107449053
107449057
107449058
107449059
107449060
107449061
107449066
107449076
107449079
107449083
107449089
107449100
107449106
107449110
107449114
107449115
107449123
107449129
107449132
107449139
107449143
107449144
107449145
107449146
107449147
107449149
107449151
107449157
107449160
107449163
107449166
107449168
107449171
107449172
107449173
107449188
107449191
107449194
107449195
107449198
107449204
107449220
107449224
107449226
107449230
107449232
107449233
107449243
107449252
107449253
107449255
107449256
107449258
107449259
107449260
107449275
107449276
107449283
107449290
107449292
107449295
107449296
107449297
107449299
107449306
107449324
107449334
107449338
107449341
107449342
107449353
107449355
107449357
107449360
107449363
107449371
107449376
107449382
107449384
107449387
107449390
107449396
107449398
107449399
107449400
107449406
107449411
107449413
107449415
107449418
107449424
107449438
107449442
107449446
107449452
107449463
107449473
107449475
107449486
107449489
107449497
107449499
107449500
107449503
107449509
107449511
107449514
107449515
107449519
107449522
107449523
107449524
107449525
107449527
107449530
107449536
107449537
107449540
107449541
107449542
107449544
107449551
107449552
107449556
107449561
107449562
107449563
107449579
107449580
107449585
107449586
107449597
107449604
107449605
107449606
107449608
107449610
107449611
107449617
107449618
107449619
107449620
107449621
107449622
107449623
107449624
107449625
107449631
107449640
107449644
107449649
107449653
107449657
107449658
107449665
107449667
107449668
107449669
107449671
107449676
107449680
107449682
107449689
107449693
107449694
107449695
107449698
107449700
107449702
107449703
107449704
107449705
107449707
107449709
107449716
107449721
107449723
107449724
107449725
107449728
107449731
107449736
107449737
107449741
107449745
107449752
107449754
107449757
107449759
107449760
107449763
107449764
107449771
107449775
107449778
107449779
107449781
107449783
107449789
107449790
107449791
107449799
107449804
107449805
107449808
107449813
107449817
107449819
107449820
107449821
107449829
107449830
107449833
107449838
107449839
107449840
107449842
107449843
107449847
107449850
107449860
107449862
107449872
107449877
107449882
107449883
107449885
107449893
107449896
107449897
107449898
107449899
107449900
107449907
107449912
107449913
107449918
107449921
107449922
107449929
107449937
107449939
107449942
107449943
107449944
107449945
107449950
107449953
107449957
107449958
107449960
107449961
107449963
107449971
107449976
107449987
107449989
107449990
107449992
107449993
107449994
107449995
107449996
107449997
107449998
107450004
107450006
107450011
107450013
107450015
107450018
107450033
107450037
107450041
107450043
107450046
107450050
107450054
107450056
107450058
107450063
107450069
107450073
107450077
107450080
107450092
107450093
107450094
107450095
107450096
107450098
107450100
107450102
107450103
107450119
107450122
107450128
107450130
107450135
107450136
107450138
107450141
107450161
107450163
107450165
107450167
107450168
107450173
107450186
107450187
107450188
107450191
107450194
107450195
107450201
107450204
107450205
107450208
107450214
107450223
107450224
107450226
107450227
107450234
107450237
107450240
107450241
107450242
107450243
107450247
107450252
107450265
107450269
107450272
107450274
107450275
107450280
107450283
107450285
107450286
107450288
107450293
107450294
107450300
107450306
107450308
107450310
107450318
107450319
107450323
107450334
107450335
107450344
107450357
107450360
107450371
107450377
107450378
107450381
107450383
107450385
107450389
107450399
107450400
107450405
107450408
107450409
107450410
107450414
107450418
107450424
107450425
107450429
107450433
107450444
107450450
107450453
107450463
107450465
107450466
107450467
107450468
107450472
107450474
107450476
107450477
107450484
107450509
107450516
107450518
107450521
107450523
107450530
107450532
107450535
107450537
107450541
107450542
107450543
107450544
107450547
107450556
107450557
107450564
107450565
107450568
107450569
107450578
107450579
107450582
107450583
107450584
107450593
107450600
107450625
107450627
107450632
107450636
107450637
107450639
107450643
107450644
107450647
107450648
107450651
107450658
107450665
107450669
107450671
107450684
107450685
107450689
107450690
107450693
107450699
107450705
107450718
107450730
107450731
107450737
107450738
107450742
107450749
107450753
107450756
107450760
107450774
107450783
107450786
107450790
107450793
107450794
107450815
107450816
107450821
107450822
107450823
107450824
107450826
107450828
107450830
107450833
107450835
107450838
107450839
107450840
107450841
107450847
107450852
107450859
107450860
107450865
107450867
107450876
107450883
107450884
107450889
107450892
107450893
107450894
107450896
107450897
107450899
107450901
107450905
107450908
107450909
107450912
107450915
107450919
107450935
107450936
107450937
107450941
107450948
107450954
107450960
107450970
107450977
107450980
107450981
107450982
107450996
107450998
107451005
107451012
107451015
107451016
107451019
107451026
107451028
107451035
107451039
107451041
107451042
107451043
107451045
107451046
107451048
107451050
107451053
107451054
107451055
107451058
107451059
107451063
107451071
107451072
107451075
107451087
107451091
107451096
107451106
107451108
107451113
107451128
107451130
107451131
107451138
107451140
107451141
107451144
107451147
107451148
107451150
107451154
107451172
107451175
107451176
107451178
107451180
107451194
107451196
107451197
107451200
107451201
107451202
107451203
107451209
107451211
107451216
107451227
107451230
107451236
107451237
107451240
107451242
107451244
107451245
107451252
107451257
107451258
107451269
107451270
107451274
107451275
107451280
107451281
107451282
107451284
107451299
107451303
107451307
107451308
107451309
107451311
107451313
107451315
107451320
107451321
107451322
107451335
107451336
107451342
107451343
107451346
107451349
107451352
107451367
107451369
107451377
107451381
107451382
107451386
107451396
107451397
107451398
107451400
107451407
107451418
107451419
107451421
107451423
107451426
107451427
107451429
107451432
107451438
107451439
107451441
107451445
107451447
107451463
107451469
107451470
107451471
107451473
107451475
107451480
107451482
107451483
107451486
107451496
107451497
107451499
107451504
107451508
107451509
107451513
107451514
107451517
107451520
107451528
107451531
107451534
107451538
107451544
107451545
107451546
107451548
107451551
107451555
107451560
107451564
107451565
107451566
107451567
107451568
107451569
107451578
107451579
107451582
107451586
107451599
107451601
107451602
107451608
107451613
107451625
107451628
107451629
107451631
107451633
107451635
107451638
107451644
107451645
107451657
107451659
107451671
107451674
107451678
107451679
107451683
107451684
107451686
107451689
107451690
107451691
107451692
107451701
107451705
107451712
107451716
107451717
107451718
107451720
107451723
107451732
107451734
107451735
107451736
107451737
107451740
107451741
107451748
107451752
107451754
107451755
107451757
107451759
107451770
107451776
107451782
107451787
107451791
107451792
107451793
107451795
107451796
107451797
107451800
107451801
107451802
107451804
107451805
107451807
107451808
107451809
107451810
107451815
107451822
107451832
107451835
107451839
107451845
107451858
107451859
107451868
107451874
107451878
107451883
107451885
107451889
107451896
107451898
107451900
107451908
107451909
107451910
107451912
107451914
107451919
107451927
107451933
107451938
107451942
107451946
107451948
107451950
107451952
107451955
107451958
107451977
107451979
107451981
107451983
107451987
107451988
107452001
107452003
107452004
107452008
107452009
107452013
107452014
107452015
107452016
107452017
107452018
107452034
107452039
107452042
107452044
107452045
107452053
107452055
107452056
107452067
107452073
107452079
107452080
107452081
107452084
107452086
107452092
107452095
107452097
107452098
107452099
107452101
107452103
107452110
107452113
107452114
107452116
107452120
107452127
107452128
107452129
107452140
107452141
107452143
107452144
107452145
107452146
107452152
107452153
107452167
107452173
107452175
107452177
107452178
107452179
107452184
107452185
107452186
107452193
107452194
107452195
107452200
107452201
107452202
107452211
107452214
107452215
107452217
107452219
107452224
107452229
107452237
107452238
107452244
107452250
107452251
107452256
107452266
107452272
107452277
107452281
107452289
107452295
107452296
107452298
107452301
107452303
107452304
107452307
107452308
107452310
107452311
107452315
107452321
107452323
107452324
107452326
107452331
107452341
107452342
107452344
107452353
107452354
107452359
107452360
107452364
107452365
107452386
107452391
107452394
107452396
107452397
107452399
107452416
107452421
107452422
107452429
107452431
107452432
107452433
107452447
107452448
107452450
107452455
107452470
107452471
107452474
107452475
107452476
107452478
107452480
107452496
107452497
107452499
107452505
107452507
107452510
107452511
107452514
107452516
107452517
107452525
107452526
107452531
107452533
107452536
107452539
107452541
107452542
107452544
107452558
107452560
107452561
107452562
107452563
107452565
107452568
107452570
107452580
107452582
107452585
107452586
107452587
107452588
107452589
107452591
107452597
107452600
107452602
107452603
107452604
107452606
107452609
107452612
107452613
107452614
107452617
107452618
107452621
107452628
107452630
107452632
107452633
107452634
107452635
107452637
107452642
107452647
107452648
107452650
107452651
107452652
107452653
107452662
107452667
107452671
107452681
107452684
107452685
107452690
107452696
107452714
107452715
107452716
107452726
107452728
107452734
107452737
107452741
107452746
107452754
107452757
107452759
107452761
107452765
107452768
107452769
107452778
107452780
107452782
107452785
107452789
107452790
107452791
107452801
107452807
107452809
107452816
107452817
107452818
107452819
107452824
107452826
107452830
107452834
107452835
107452837
107452838
107452839
107452844
107452847
107452851
107452852
107452863
107452871
107452875
107452884
107452886
107452888
107452892
107452897
107452899
107452902
107452905
107452906
107452907
107452908
107452910
107452917
107452927
107452931
107452935
107452936
107452943
107452947
107452951
107452958
107452964
107452972
107452975
107452978
107452981
107452982
107452984
107452992
107452994
107452997
107453005
107453006
107453009
107453010
107453011
107453012
107453018
107453030
107453035
107453040
107453042
107453044
107453046
107453056
107453057
107453058
107453059
107453070
107453084
107453098
107453110
107453113
107453117
107453120
107453124
107453134
107453136
107453137
107453144
107453145
107453147
107453149
107453155
107453158
107453159
107453160
107453161
107453163
107453171
107453172
107453177
107453180
107453185
107453194
107453200
107453212
107453215
107453225
107453226
107453227
107453228
107453238
107453241
107453245
107453252
107453253
107453255
107453260
107453264
107453266
107453272
107453275
107453277
107453283
107453285
107453286
107453292
107453294
107453295
107453302
107453306
107453310
107453313
107453315
107453320
107453321
107453322
107453325
107453327
107453331
107453336
107453342
107453347
107453350
107453358
107453359
107453362
107453363
107453364
107453365
107453366
107453368
107453369
107453371
107453373
107453375
107453381
107453384
107453385
107453393
107453394
107453403
107453407
107453411
107453414
107453417
107453425
107453436
107453437
107453438
107453443
107453451
107453458
107453460
107453461
107453462
107453465
107453466
107453472
107453473
107453481
107453482
107453483
107453484
107453494
107453499
107453500
107453502
107453505
107453506
107453507
107453508
107453509
107453510
107453515
107453523
107453525
107453541
107453555
107453563
107453564
107453565
107453572
107453574
107453575
107453577
107453591
107453593
107453597
107453600
107453608
107453613
107453618
107453623
107453624
107453627
107453633
107453635
107453639
107453642
107453643
107453651
107453652
107453656
107453665
107453666
107453667
107453668
107453669
107453670
107453671
107453673
107453679
107453689
107453692
107453695
107453700
107453701
107453706
107453707
107453718
107453721
107453723
107453725
107453728
107453729
107453730
107453731
107453732
107453735
107453736
107453741
107453748
107453751
107453752
107453755
107453765
107453766
107453770
107453771
107453772
107453774
107453775
107453778
107453780
107453783
107453784
107453785
107453788
107453790
107453793
107453794
107453795
107453796
107453797
107453799
107453802
107453808
107453810
107453814
107453820
107453821
107453822
107453824
107453828
107453837
107453839
107453841
107453844
107453845
107453846
107453848
107453849
107453857
107453861
107453863
107453867
107453875
107453886
107453888
107453895
107453897
107453898
107453909
107453912
107453920
107453922
107453923
107453928
107453934
107453937
107453939
107453947
107453949
107453967
107453971
107453976
107453979
107453983
107453988
107453990
107453991
107453993
107453997
107454008
107454010
107454013
107454014
107454018
107454019
107454021
107454022
107454029
107454033
107454037
107454041
107454045
107454046
107454047
107454048
107454052
107454055
107454058
107454059
107454061
107454063
107454064
107454068
107454073
107454075
107454076
107454081
107454083
107454085
107454091
107454092
107454095
107454097
107454099
107454101
107454103
107454104
107454108
107454124
107454125
107454126
107454127
107454132
107454134
107454138
107454149
107454152
107454157
107454159
107454162
107454166
107454167
107454168
107454174
107454175
107454177
107454180
107454181
107454183
107454186
107454192
107454194
107454197
107454198
107454200
107454202
107454209
107454216
107454222
107454224
107454225
107454229
107454230
107454233
107454234
107454239
107454241
107454243
107454244
107454246
107454249
107454251
107454252
107454256
107454257
107454259
107454264
107454267
107454269
107454272
107454280
107454282
107454283
107454284
107454288
107454291
107454293
107454299
107454305
107454309
107454313
107454314
107454315
107454317
107454328
107454329
107454330
107454333
107454335
107454341
107454343
107454347
107454352
107454356
107454357
107454360
107454365
107454366
107454368
107454369
107454370
107454387
107454392
107454397
107454399
107454400
107454413
107454415
107454417
107454420
107454425
107454426
107454438
107454439
107454444
107454459
107454463
107454469
107454471
107454480
107454485
107454488
107454492
107454500
107454510
107454513
107454515
107454516
107454518
107454519
107454523
107454524
107454525
107454527
107454530
107454534
107454535
107454536
107454538
107454542
107454544
107454545
107454546
107454549
107454550
107454557
107454558
107454559
107454561
107454562
107454563
107454567
107454568
107454576
107454578
107454583
107454584
107454585
107454608
107454609
107454613
107454614
107454620
107454627
107454630
107454631
107454632
107454633
107454642
107454645
107454647
107454649
107454651
107454652
107454655
107454661
107454663
107454682
107454684
107454693
107454694
107454695
107454696
107454700
107454702
107454707
107454708
107454710
107454714
107454718
107454721
107454722
107454724
107454726
107454730
107454733
107454737
107454739
107454742
107454745
107454748
107454750
107454757
107454758
107454760
107454761
107454765
107454766
107454779
107454788
107454790
107454793
107454794
107454796
107454798
107454802
107454805
107454808
107454811
107454813
107454818
107454826
107454829
107454833
107454834
107454835
107454839
107454842
107454846
107454852
107454854
107454864
107454866
107454867
107454875
107454877
107454879
107454885
107454888
107454892
107454893
107454895
107454900
107454902
107454903
107454907
107454912
107454919
107454920
107454923
107454926
107454927
107454928
107454929
107454931
107454932
107454933
107454939
107454941
107454945
107454948
107454956
107454957
107454960
107454961
107454962
107454965
107454966
107454971
107454973
107454975
107454977
107454978
107454979
107454981
107454987
107454988
107454991
107455002
107455003
107455008
107455010
107455012
107455017
107455025
107455030
107455031
107455034
107455035
107455038
107455043
107455049
107455060
107455061
107455063
107455064
107455066
107455067
107455068
107455070
107455071
107455074
107455078
107455080
107455082
107455085
107455088
107455089
107455090
107455095
107455096
107455099
107455100
107455101
107455104
107455109
107455110
107455112
107455113
107455114
107455115
107455118
107455119
107455121
107455130
107455133
107455135
107455139
107455144
107455150
107455154
107455159
107455160
107455161
107455162
107455166
107455167
107455169
107455172
107455176
107455181
107455184
107455185
107455186
107455197
107455200
107455201
107455204
107455205
107455212
107455214
107455216
107455221
107455222
107455224
107455230
107455231
107455233
107455239
107455244
107455245
107455246
107455247
107455248
107455251
107455253
107455254
107455260
107455266
107455270
107455275
107455282
107455284
107455286
107455289
107455294
107455297
107455298
107455299
107455300
107455305
107455312
107455314
107455315
107455316
107455317
107455319
107455323
107455325
107455330
107455332
107455339
107455341
107455346
107455347
107455362
107455365
107455367
107455371
107455372
107455373
107455377
107455385
107455387
107455394
107455400
107455404
107455405
107455406
107455409
107455410
107455416
107455422
107455424
107455427
107455430
107455431
107455432
107455433
107455442
107455446
107455447
107455454
107455455
107455456
107455457
107455465
107455467
107455469
107455470
107455471
107455473
107455475
107455477
107455480
107455482
107455485
107455486
107455494
107455518
107455526
107455527
107455528
107455530
107455531
107455534
107455537
107455546
107455549
107455550
107455551
107455552
107455553
107455554
107455555
107455556
107455557
107455558
107455559
107455565
107455568
107455569
107455571
107455572
107455573
107455575
107455576
107455581
107455582
107455595
107455596
107455599
107455600
107455602
107455603
107455606
107455614
107455616
107455619
107455624
107455627
107455632
107455633
107455634
107455635
107455636
107455638
107455641
107455642
107455646
107455649
107455650
107455658
107455660
107455668
107455669
107455670
107455671
107455672
107455677
107455681
107455686
107455687
107455689
107455693
107455695
107455696
107455697
107455703
107455706
107455707
107455715
107455719
107455721
107455726
107455729
107455730
107455731
107455733
107455734
107455735
107455736
107455741
107455743
107455744
107455746
107455747
107455759
107455770
107455775
107455782
107455785
107455789
107455795
107455797
107455802
107455805
107455809
107455815
107455817
107455819
107455820
107455821
107455823
107455827
107455829
107455834
107455837
107455838
107455854
107455858
107455859
107455860
107455863
107455864
107455872
107455874
107455875
107455878
107455881
107455883
107455886
107455892
107455893
107455895
107455896
107455897
107455903
107455905
107455911
107455912
107455918
107455922
107455925
107455926
107455929
107455931
107455933
107455934
107455939
107455940
107455956
107455965
107455967
107455970
107455973
107455976
107455982
107455983
107455987
107455990
107455994
107455995
107455996
107455997
107455998
107456001
107456009
107456011
107456012
107456013
107456018
107456019
107456025
107456030
107456032
107456035
107456052
107456063
107456068
107456072
107456073
107456074
107456076
107456079
107456085
107456088
107456094
107456095
107456098
107456112
107456131
107456132
107456137
107456138
107456149
107456154
107456155
107456157
107456160
107456161
107456167
107456168
107456176
107456179
107456183
107456184
107456185
107456186
107456192
107456194
107456195
107456197
107456199
107456215
107456218
107456224
107456226
107456227
107456229
107456239
107456242
107456251
107456261
107456262
107456263
107456264
107456272
107456278
107456282
107456286
107456302
107456304
107456305
107456306
107456308
107456309
107456311
107456313
107456320
107456323
107456326
107456327
107456330
107456332
107456340
107456341
107456346
107456349
107456350
107456351
107456352
107456354
107456358
107456360
107456361
107456370
107456388
107456393
107456397
107456407
107456410
107456412
107456418
107456424
107456426
107456435
107456443
107456447
107456449
107456451
107456452
107456455
107456457
107456458
107456460
107456462
107456463
107456464
107456476
107456477
107456488
107456489
107456494
107456498
107456499
107456502
107456505
107456506
107456509
107456516
107456517
107456523
107456525
107456526
107456527
107456528
107456529
107456530
107456533
107456534
107456536
107456543
107456545
107456549
107456553
107456554
107456555
107456567
107456568
107456571
107456574
107456580
107456585
107456586
107456593
107456594
107456596
107456598
107456603
107456607
107456611
107456613
107456618
107456622
107456623
107456633
107456634
107456635
107456636
107456637
107456640
107456641
107456645
107456646
107456648
107456650
107456655
107456656
107456658
107456663
107456672
107456675
107456680
107456685
107456700
107456705
107456708
107456709
107456714
107456716
107456717
107456722
107456725
107456727
107456732
107456757
107456760
107456768
107456769
107456771
107456776
107456777
107456778
107456786
107456787
107456793
107456798
107456799
107456800
107456801
107456802
107456809
107456818
107456819
107456822
107456824
107456827
107456830
107456831
107456834
107456844
107456846
107456853
107456859
107456861
107456867
107456871
107456875
107456876
107456885
107456886
107456887
107456888
107456891
107456893
107456899
107456900
107456903
107456907
107456910
107456912
107456914
107456916
107456918
107456922
107456923
107456929
107456933
107456942
107456948
107456953
107456963
107456965
107456978
107456981
107456982
107456984
107456987
107456988
107456991
107456992
107456993
107456994
107456996
107456997
107457002
107457006
107457007
107457013
107457015
107457020
107457022
107457029
107457031
107457035
107457036
107457037
107457039
107457041
107457045
107457047
107457052
107457055
107457056
107457060
107457063
107457067
107457069
107457071
107457076
107457086
107457090
107457091
107457093
107457096
107457100
107457101
107457102
107457105
107457106
107457108
107457111
107457119
107457122
107457124
107457129
107457130
107457131
107457132
107457134
107457135
107457136
107457137
107457139
107457141
107457142
107457145
107457146
107457147
107457151
107457155
107457158
107457159
107457160
107457162
107457163
107457167
107457171
107457174
107457180
107457185
107457188
107457189
107457192
107457194
107457196
107457197
107457201
107457206
107457207
107457208
107457210
107457213
107457216
107457224
107457229
107457231
107457233
107457239
107457243
107457244
107457247
107457248
107457249
107457250
107457255
107457256
107457262
107457263
107457265
107457268
107457270
107457271
107457272
107457278
107457283
107457286
107457287
107457290
107457292
107457294
107457295
107457296
107457298
107457302
107457305
107457308
107457310
107457311
107457313
107457320
107457322
107457324
107457328
107457331
107457336
107457338
107457346
107457349
107457352
107457360
107457361
107457362
107457363
107457364
107457365
107457366
107457376
107457378
107457381
107457393
107457396
107457398
107457409
107457412
107457414
107457416
107457420
107457424
107457426
107457427
107457429
107457438
107457439
107457444
107457445
107457459
107457461
107457462
107457466
107457467
107457469
107457472
107457474
107457475
107457477
107457482
107457488
107457493
107457500
107457517
107457518
107457520
107457526
107457528
107457530
107457534
107457538
107457539
107457543
107457547
107457549
107457554
107457559
107457562
107457565
107457567
107457568
107457574
107457581
110281907
110281909
110281931
110281934
110282037
110282055
110282097
110282185
110282216
110282258
110282259
110282261
110282285
110282368
110282384
110282386
110282427
110282431
110282440
110282463
110282489
110282496
110282665
110282721
110282746
110282811
110282861
110283002
110283031
110283034
110283103
110283119
110283197
110283198
110283279
110283359
110283564
122268202
122268204
122268219
122268224
122268225
122268245
122268252
122268257
122268263
122268276
122268285
122268287
122268288
122268301
122268305
122268310
122268334
122268336
122268369
122268373
122268382
122268398
122268403
122268406
122268416
122268549
122268601
122268719
122268729
122268804
122268812
122268854
122269022
122269070
122269110
122269142
122269147
122269156
122269179
122269195
122269211
122269280
122269282
122269330
122269368
122269386
122269433
122269444
122269452
122269483
122269518
122269557
122269690
122269714
122269720
122269745
122269824
122269833
122269915
122269970
122270010
122270011
122270012
122270035
122270056
122270063
122270077
122270104
122270129
122270154
122270177
122270204
122270212
122270221
122270296
122270377
122270387
122270411
122270446
122270461
122270490
122270504
122270512
122270614
122270652
122270658
122270688
122270757
122270807
122270808
122270812
122270828
122270830
122270864
122270900
122270931
122270952
122271002
122271003
122271044
122271046
122271074
122271093
122271178
122271196
122271310
122271367
122271370
122271392
122271449
122271625
122271702
122271711
122271722
122271814
122271919
122272156
122272207
122272291
122272351
122272401
122272468
122272510
122272552
122272717
122272782
122272846
122272852
122273073
122273261
122273266
122273330
122273380
122273484
122273906
122273957
122273995
139424775
139424788
139424794
139424797
139424801
139424815
139424822
139424823
139424845
139424877
139424892
139424922
139424962
139424969
139425040
139425145
139425167
139425200
139425202
139425203
139425254
139425339
139425358
139425362
139425366
139425545
139425547
139425625
139425646
139425699
139425704
139425789
139425791
139425800
139425824
139425835
139425873
139425932
139425942
139426003
139426034
139426037
139426041
139426078
139426092
139426177
139426233
139426241
139426309
139426332
139426398
139426435
139426477
139426530
139426550
139426583
139426599
139426613
139426652
139426703
139426705
139426753
139426762
139426766
139426834
139426933
139426966
139426980
139427021
139427026
139427037
139427101
139427103
139427122
139427238