107436080
107436081
107436082
107436083
107436084
107436086
107436088
107436090
107436091
107436092
107436095
107436096
107436100
107436101
107436102
107436104
107436105
107436108
107436109
107436110
107436120
107436122
107436124
107436125
107436127
107436129
107436131
107436137
107436138
107436144
107436148
107436150
107436158
107436162
107436163
107436164
107436165
107436166
107436169
107436171
107436174
107436177
107436178
107436181
107436183
107436184
107436185
107436187
107436189
107436191
107436192
107436193
107436197
107436200
107436201
107436203
107436212
107436216
107436221
107436222
107436223
107436226
107436228
107436230
107436231
107436233
107436237
107436238
107436239
107436240
107436244
107436245
107436247
107436250
107436253
107436256
107436258
107436259
107436264
107436265
107436269
107436271
107436273
107436274
107436275
107436281
107436282
107436283
107436284
107436289
107436290
107436292
107436294
107436296
107436297
107436299
107436302
107436304
107436306
107436313
107436314
107436315
107436316
107436318
107436320
107436321
107436322
107436324
107436325
107436326
107436327
107436328
107436329
107436330
107436332
107436342
107436343
107436350
107436353
107436356
107436357
107436358
107436363
107436364
107436365
107436366
107436367
107436368
107436370
107436371
107436372
107436373
107436375
107436376
107436379
107436380
107436381
107436382
107436385
107436389
107436391
107436392
107436394
107436396
107436398
107436400
107436401
107436403
107436405
107436407
107436408
107436412
107436415
107436417
107436418
107436419
107436420
107436422
107436423
107436425
107436429
107436430
107436434
107436447
107436449
107436458
107436460
107436461
107436462
107436464
107436465
107436467
107436472
107436476
107436478
107436479
107436481
107436487
107436489
107436490
107436492
107436493
107436494
107436498
107436500
107436501
107436503
107436509
107436511
107436512
107436513
107436514
107436516
107436518
107436519
107436521
107436522
107436523
107436524
107436525
107436528
107436530
107436531
107436532
107436533
107436534
107436536
107436538
107436539
107436542
107436544
107436548
107436550
107436551
107436552
107436554
107436556
107436558
107436559
107436560
107436562
107436563
107436566
107436567
107436569
107436570
107436573
107436574
107436575
107436576
107436577
107436578
107436579
107436583
107436584
107436585
107436586
107436587
107436588
107436589
107436590
107436591
107436592
107436595
107436597
107436601
107436606
107436611
107436612
107436615
107436619
107436620
107436622
107436623
107436625
107436628
107436637
107436642
107436643
107436644
107436645
107436646
107436653
107436654
107436656
107436657
107436658
107436659
107436660
107436661
107436663
107436675
107436676
107436677
107436678
107436679
107436681
107436683
107436684
107436686
107436687
107436690
107436691
107436692
107436695
107436697
107436699
107436701
107436706
107436707
107436708
107436709
107436710
107436715
107436722
107436724
107436727
107436728
107436731
107436732
107436736
107436737
107436738
107436740
107436743
107436744
107436746
107436748
107436751
107436753
107436759
107436760
107436761
107436762
107436763
107436765
107436766
107436767
107436768
107436770
107436771
107436772
107436781
107436782
107436783
107436785
107436786
107436787
107436788
107436790
107436792
107436795
107436798
107436801
107436812
107436815
107436816
107436818
107436820
107436824
107436825
107436829
107436833
107436834
107436836
107436837
107436838
107436840
107436849
107436851
107436856
107436857
107436866
107436870
107436873
107436874
107436875
107436876
107436878
107436879
107436880
107436881
107436887
107436888
107436893
107436894
107436898
107436899
107436901
107436902
107436903
107436904
107436909
107436910
107436911
107436912
107436913
107436921
107436922
107436925
107436928
107436929
107436938
107436940
107436942
107436944
107436945
107436947
107436948
107436950
107436951
107436952
107436953
107436956
107436959
107436961
107436964
107436965
107436966
107436969
107436970
107436971
107436972
107436973
107436974
107436978
107436979
107436980
107436981
107436982
107436987
107436991
107436993
107436994
107436995
107436996
107436997
107436998
107437000
107437001
107437002
107437006
107437007
107437008
107437009
107437020
107437024
107437027
107437029
107437030
107437031
107437032
107437033
107437034
107437035
107437036
107437037
107437038
107437039
107437041
107437042
107437043
107437044
107437045
107437046
107437047
107437050
107437051
107437056
107437062
107437063
107437065
107437066
107437069
107437070
107437072
107437074
107437075
107437076
107437077
107437078
107437079
107437080
107437082
107437085
107437086
107437087
107437088
107437091
107437092
107437099
107437101
107437106
107437110
107437113
107437117
107437122
107437124
107437125
107437127
107437128
107437132
107437133
107437138
107437144
107437145
107437146
107437147
107437152
107437153
107437154
107437155
107437156
107437169
107437170
107437171
107437176
107437190
107437191
107437197
107437200
107437201
107437202
107437203
107437204
107437210
107437211
107437214
107437215
107437216
107437217
107437221
107437223
107437224
107437226
107437231
107437234
107437238
107437240
107437241
107437245
107437251
107437252
107437253
107437256
107437257
107437258
107437266
107437269
107437276
107437278
107437279
107437280
107437282
107437286
107437288
107437289
107437290
107437291
107437293
107437303
107437304
107437305
107437313
107437314
107437315
107437319
107437325
107437327
107437329
107437331
107437335
107437336
107437337
107437338
107437339
107437340
107437342
107437344
107437347
107437348
107437350
107437351
107437353
107437354
107437356
107437358
107437359
107437360
107437363
107437365
107437366
107437367
107437368
107437369
107437370
107437371
107437372
107437373
107437377
107437380
107437384
107437386
107437387
107437389
107437390
107437391
107437392
107437395
107437396
107437397
107437399
107437400
107437401
107437402
107437403
107437404
107437405
107437406
107437413
107437414
107437415
107437416
107437420
107437425
107437426
107437428
107437430
107437434
107437439
107437442
107437443
107437447
107437450
107437451
107437456
107437457
107437458
107437459
107437461
107437468
107437470
107437474
107437475
107437476
107437479
107437480
107437481
107437486
107437488
107437492
107437493
107437500
107437501
107437502
107437503
107437504
107437506
107437507
107437508
107437509
107437510
107437511
107437523
107437525
107437526
107437527
107437528
107437530
107437531
107437533
107437535
107437541
107437549
107437550
107437557
107437559
107437562
107437569
107437570
107437577
107437581
107437588
107437589
107437590
107437591
107437592
107437593
107437594
107437597
107437598
107437600
107437602
107437604
107437605
107437607
107437610
107437612
107437615
107437616
107437618
107437619
107437621
107437622
107437624
107437625
107437627
107437628
107437636
107437638
107437641
107437643
107437649
107437653
107437662
107437663
107437665
107437666
107437670
107437673
107437674
107437680
107437681
107437682
107437684
107437685
107437687
107437696
107437697
107437699
107437700
107437701
107437702
107437703
107437704
107437705
107437707
107437712
107437713
107437715
107437718
107437722
107437723
107437724
107437725
107437726
107437727
107437735
107437736
107437737
107437738
107437739
107437740
107437741
107437742
107437743
107437746
107437752
107437753
107437769
107437770
107437771
107437772
107437773
107437776
107437778
107437779
107437780
107437781
107437782
107437785
107437787
107437788
107437802
107437806
107437810
107437814
107437815
107437816
107437818
107437830
107437837
107437838
107437843
107437845
107437851
107437853
107437856
107437859
107437860
107437861
107437864
107437865
107437870
107437871
107437876
107437877
107437881
107437882
107437884
107437885
107437886
107437887
107437889
107437891
107437895
107437896
107437904
107437906
107437907
107437910
107437913
107437914
107437915
107437916
107437917
107437920
107437921
107437927
107437928
107437929
107437930
107437935
107437936
107437937
107437940
107437942
107437944
107437945
107437947
107437954
107437955
107437956
107437959
107437960
107437961
107437962
107437963
107437964
107437965
107437969
107437972
107437977
107437981
107437982
107437983
107437986
107437987
107437988
107437989
107437990
107437991
107437992
107437993
107437994
107437997
107437998
107437999
107438002
107438005
107438006
107438007
107438008
107438009
107438010
107438011
107438013
107438014
107438015
107438016
107438017
107438018
107438022
107438023
107438024
107438026
107438029
107438030
107438031
107438032
107438035
107438038
107438039
107438043
107438044
107438051
107438052
107438053
107438054
107438055
107438056
107438058
107438060
107438061
107438062
107438063
107438068
107438070
107438072
107438073
107438074
107438075
107438080
107438083
107438084
107438085
107438086
107438094
107438097
107438098
107438104
107438107
107438117
107438122
107438123
107438124
107438125
107438126
107438128
107438129
107438130
107438132
107438133
107438135
107438136
107438137
107438138
107438139
107438141
107438145
107438152
107438153
107438157
107438158
107438159
107438162
107438163
107438164
107438167
107438168
107438169
107438170
107438171
107438174
107438177
107438179
107438181
107438182
107438183
107438184
107438185
107438189
107438195
107438197
107438199
107438202
107438209
107438210
107438211
107438212
107438213
107438214
107438219
107438220
107438239
107438242
107438243
107438245
107438250
107438257
107438258
107438260
107438261
107438263
107438264
107438265
107438266
107438271
107438273
107438277
107438278
107438279
107438280
107438282
107438283
107438284
107438285
107438286
107438289
107438290
107438291
107438292
107438293
107438295
107438297
107438298
107438299
107438301
107438302
107438303
107438304
107438307
107438308
107438309
107438310
107438318
107438321
107438323
107438324
107438325
107438326
107438328
107438333
107438334
107438335
107438337
107438339
107438341
107438342
107438349
107438350
107438352
107438353
107438354
107438356
107438358
107438367
107438368
107438369
107438370
107438374
107438378
107438380
107438382
107438384
107438387
107438392
107438397
107438398
107438409
107438410
107438411
107438413
107438414
107438417
107438418
107438419
107438420
107438424
107438425
107438426
107438427
107438428
107438429
107438435
107438439
107438443
107438445
107438446
107438447
107438448
107438449
107438450
107438451
107438452
107438453
107438454
107438468
107438471
107438476
107438477
107438478
107438482
107438484
107438485
107438486
107438487
107438488
107438502
107438505
107438509
107438511
107438512
107438518
107438519
107438520
107438521
107438525
107438527
107438528
107438533
107438534
107438535
107438541
107438545
107438548
107438549
107438550
107438554
107438555
107438556
107438559
107438560
107438561
107438565
107438567
107438573
107438574
107438585
107438588
107438594
107438596
107438597
107438598
107438601
107438605
107438608
107438609
107438610
107438611
107438614
107438615
107438623
107438628
107438633
107438634
107438635
107438636
107438637
107438639
107438640
107438641
107438644
107438647
107438648
107438652
107438654
107438657
107438659
107438663
107438670
107438671
107438673
107438675
107438676
107438677
107438679
107438680
107438681
107438683
107438690
107438692
107438693
107438694
107438703
107438705
107438707
107438708
107438710
107438711
107438714
107438715
107438719
107438720
107438722
107438723
107438725
107438726
107438727
107438730
107438731
107438732
107438735
107438736
107438737
107438739
107438740
107438741
107438744
107438745
107438746
107438747
107438748
107438749
107438750
107438751
107438753
107438755
107438756
107438758
107438761
107438763
107438764
107438765
107438766
107438767
107438768
107438771
107438772
107438776
107438782
107438785
107438786
107438787
107438788
107438793
107438794
107438795
107438797
107438798
107438799
107438800
107438810
107438822
107438826
107438827
107438828
107438829
107438830
107438831
107438832
107438833
107438834
107438835
107438836
107438837
107438838
107438841
107438842
107438843
107438844
107438845
107438847
107438848
107438852
107438853
107438855
107438858
107438860
107438861
107438862
107438867
107438868
107438869
107438870
107438872
107438873
107438874
107438875
107438876
107438877
107438878
107438879
107438883
107438884
107438885
107438886
107438892
107438897
107438904
107438906
107438912
107438914
107438920
107438921
107438926
107438928
107438929
107438930
107438932
107438933
107438934
107438935
107438937
107438939
107438940
107438942
107438943
107438950
107438957
107438958
107438959
107438960
107438962
107438964
107438965
107438966
107438967
107438968
107438969
107438970
107438971
107438972
107438973
107438975
107438976
107438981
107438982
107438984
107438985
107438987
107438992
107438993
107438994
107438995
107438996
107438997
107438998
107438999
107439000
107439001
107439003
107439005
107439006
107439007
107439009
107439011
107439012
107439013
107439014
107439015
107439016
107439017
107439018
107439019
107439020
107439021
107439024
107439027
107439028
107439029
107439030
107439031
107439032
107439037
107439038
107439040
107439041
107439042
107439043
107439044
107439050
107439052
107439054
107439058
107439061
107439062
107439063
107439064
107439065
107439067
107439068
107439069
107439070
107439071
107439073
107439074
107439076
107439080
107439083
107439086
107439087
107439091
107439092
107439094
107439095
107439097
107439098
107439101
107439102
107439103
107439105
107439106
107439117
107439120
107439121
107439122
107439124
107439125
107439126
107439127
107439143
107439146
107439147
107439148
107439155
107439156
107439160
107439161
107439162
107439163
107439164
107439166
107439167
107439168
107439175
107439176
107439177
107439181
107439183
107439186
107439189
107439191
107439195
107439200
107439202
107439205
107439206
107439212
107439216
107439217
107439218
107439219
107439220
107439221
107439224
107439228
107439229
107439231
107439233
107439235
107439236
107439237
107439239
107439240
107439241
107439242
107439243
107439244
107439245
107439246
107439251
107439252
107439253
107439255
107439256
107439257
107439258
107439259
107439260
107439261
107439264
107439267
107439269
107439270
107439271
107439273
107439275
107439276
107439278
107439279
107439283
107439286
107439288
107439290
107439293
107439296
107439297
107439298
107439300
107439301
107439303
107439305
107439311
107439313
107439320
107439327
107439333
107439334
107439336
107439338
107439343
107439344
107439346
107439350
107439355
107439356
107439357
107439360
107439361
107439362
107439364
107439366
107439371
107439373
107439374
107439375
107439377
107439378
107439379
107439380
107439384
107439385
107439386
107439392
107439393
107439395
107439396
107439399
107439406
107439409
107439415
107439416
107439418
107439419
107439420
107439421
107439423
107439424
107439432
107439434
107439435
107439437
107439441
107439442
107439443
107439444
107439448
107439451
107439461
107439462
107439463
107439464
107439465
107439466
107439467
107439468
107439469
107439470
107439471
107439472
107439476
107439478
107439479
107439480
107439482
107439483
107439484
107439486
107439488
107439489
107439493
107439498
107439499
107439501
107439505
107439511
107439512
107439513
107439514
107439515
107439516
107439518
107439520
107439521
107439522
107439523
107439525
107439528
107439529
107439533
107439534
107439543
107439544
107439545
107439546
107439550
107439553
107439554
107439556
107439557
107439559
107439561
107439562
107439563
107439564
107439566
107439567
107439569
107439571
107439574
107439580
107439581
107439582
107439585
107439587
107439588
107439589
107439591
107439592
107439593
107439594
107439595
107439596
107439599
107439600
107439601
107439602
107439603
107439604
107439606
107439610
107439611
107439612
107439613
107439615
107439618
107439624
107439629
107439633
107439635
107439636
107439637
107439638
107439639
107439641
107439644
107439649
107439650
107439651
107439652
107439653
107439654
107439655
107439656
107439657
107439658
107439660
107439661
107439664
107439667
107439670
107439672
107439673
107439674
107439679
107439680
107439682
107439685
107439686
107439694
107439695
107439696
107439697
107439698
107439699
107439705
107439711
107439715
107439716
107439717
107439722
107439726
107439727
107439728
107439729
107439730
107439734
107439742
107439743
107439744
107439745
107439747
107439748
107439756
107439757
107439758
107439759
107439760
107439762
107439763
107439766
107439767
107439778
107439782
107439788
107439789
107439790
107439791
107439793
107439796
107439800
107439801
107439802
107439804
107439805
107439806
107439807
107439808
107439809
107439810
107439811
107439812
107439813
107439814
107439816
107439819
107439821
107439822
107439823
107439827
107439828
107439829
107439830
107439831
107439834
107439835
107439836
107439842
107439843
107439844
107439845
107439849
107439851
107439852
107439853
107439855
107439859
107439860
107439861
107439866
107439872
107439873
107439874
107439875
107439878
107439880
107439881
107439882
107439883
107439884
107439885
107439886
107439887
107439888
107439889
107439891
107439893
107439894
107439895
107439897
107439898
107439899
107439900
107439901
107439902
107439903
107439907
107439911
107439913
107439915
107439916
107439917
107439919
107439920
107439925
107439929
107439932
107439933
107439934
107439936
107439937
107439942
107439945
107439947
107439948
107439961
107439962
107439964
107439970
107439976
107439981
107439982
107439984
107439986
107439988
107439989
107439991
107439993
107440008
107440013
107440015
107440016
107440017
107440018
107440019
107440020
107440021
107440022
107440023
107440024
107440028
107440033
107440035
107440055
107440056
107440057
107440058
107440063
107440064
107440065
107440066
107440069
107440070
107440071
107440072
107440073
107440074
107440075
107440076
107440081
107440082
107440083
107440086
107440087
107440088
107440090
107440093
107440094
107440103
107440104
107440109
107440110
107440111
107440114
107440117
107440118
107440123
107440124
107440125
107440127
107440128
107440130
107440136
107440142
107440143
107440144
107440146
107440147
107440148
107440149
107440150
107440152
107440157
107440161
107440163
107440173
107440180
107440182
107440184
107440185
107440186
107440188
107440190
107440191
107440199
107440204
107440205
107440206
107440207
107440208
107440209
107440210
107440211
107440216
107440219
107440220
107440223
107440224
107440228
107440230
107440231
107440232
107440234
107440235
107440236
107440240
107440252
107440253
107440258
107440259
107440264
107440265
107440266
107440267
107440268
107440272
107440278
107440284
107440285
107440287
107440288
107440289
107440296
107440302
107440305
107440307
107440314
107440317
107440318
107440320
107440321
107440326
107440327
107440328
107440329
107440330
107440331
107440333
107440334
107440337
107440338
107440339
107440340
107440341
107440345
107440346
107440349
107440354
107440356
107440357
107440358
107440359
107440374
107440379
107440382
107440384
107440385
107440387
107440390
107440394
107440398
107440399
107440400
107440401
107440403
107440411
107440413
107440415
107440417
107440418
107440421
107440422
107440424
107440425
107440426
107440427
107440428
107440429
107440430
107440431
107440432
107440434
107440435
107440436
107440438
107440439
107440440
107440441
107440442
107440444
107440448
107440449
107440450
107440451
107440452
107440453
107440457
107440458
107440460
107440467
107440468
107440469
107440470
107440473
107440477
107440478
107440479
107440480
107440482
107440483
107440484
107440485
107440486
107440487
107440488
107440489
107440490
107440491
107440492
107440498
107440500
107440501
107440502
107440505
107440506
107440507
107440508
107440509
107440513
107440515
107440516
107440518
107440520
107440527
107440528
107440529
107440531
107440534
107440536
107440540
107440544
107440555
107440556
107440557
107440560
107440561
107440562
107440563
107440564
107440566
107440567
107440570
107440571
107440573
107440577
107440581
107440583
107440586
107440587
107440588
107440589
107440590
107440592
107440595
107440599
107440602
107440604
107440606
107440608
107440609
107440610
107440615
107440616
107440618
107440620
107440625
107440627
107440638
107440639
107440641
107440642
107440644
107440647
107440650
107440651
107440652
107440655
107440660
107440662
107440667
107440668
107440671
107440672
107440674
107440675
107440676
107440678
107440679
107440682
107440685
107440689
107440692
107440693
107440694
107440695
107440696
107440698
107440702
107440703
107440704
107440706
107440707
107440712
107440714
107440715
107440717
107440719
107440725
107440726
107440727
107440728
107440732
107440733
107440734
107440738
107440739
107440740
107440745
107440746
107440747
107440749
107440754
107440757
107440758
107440761
107440762
107440765
107440771
107440772
107440773
107440774
107440775
107440779
107440780
107440784
107440803
107440804
107440805
107440806
107440812
107440817
107440818
107440819
107440820
107440822
107440829
107440831
107440832
107440833
107440834
107440837
107440838
107440839
107440840
107440842
107440844
107440851
107440853
107440854
107440855
107440856
107440863
107440866
107440867
107440869
107440873
107440878
107440879
107440882
107440883
107440884
107440887
107440891
107440893
107440894
107440895
107440896
107440897
107440899
107440900
107440902
107440903
107440905
107440906
107440908
107440910
107440911
107440912
107440913
107440914
107440915
107440916
107440918
107440919
107440920
107440923
107440924
107440928
107440929
107440930
107440931
107440933
107440935
107440936
107440938
107440939
107440940
107440941
107440943
107440944
107440946
107440947
107440948
107440949
107440950
107440951
107440952
107440954
107440956
107440958
107440963
107440964
107440965
107440966
107440967
107440969
107440973
107440974
107440977
107440978
107440979
107440980
107440981
107440983
107440985
107440988
107440992
107440994
107440995
107440996
107441002
107441003
107441006
107441007
107441009
107441013
107441014
107441015
107441016
107441019
107441022
107441023
107441024
107441025
107441029
107441030
107441033
107441035
107441036
107441038
107441041
107441043
107441045
107441054
107441055
107441073
107441074
107441075
107441076
107441077
107441080
107441084
107441085
107441087
107441088
107441090
107441093
107441094
107441095
107441096
107441097
107441099
107441100
107441101
107441102
107441106
107441107
107441108
107441110
107441111
107441113
107441117
107441124
107441125
107441137
107441138
107441139
107441148
107441149
107441152
107441153
107441154
107441156
107441160
107441162
107441163
107441166
107441171
107441174
107441175
107441176
107441179
107441180
107441181
107441182
107441183
107441186
107441187
107441188
107441190
107441191
107441192
107441193
107441194
107441195
107441199
107441200
107441201
107441203
107441204
107441205
107441206
107441207
107441229
107441230
107441231
107441232
107441233
107441235
107441248
107441250
107441251
107441252
107441253
107441254
107441255
107441256
107441257
107441258
107441259
107441265
107441267
107441269
107441272
107441273
107441278
107441280
107441282
107441283
107441284
107441285
107441287
107441291
107441296
107441297
107441298
107441319
107441323
107441331
107441332
107441333
107441334
107441339
107441346
107441347
107441348
107441349
107441350
107441351
107441352
107441353
107441354
107441356
107441361
107441365
107441367
107441368
107441371
107441372
107441373
107441374
107441375
107441376
107441379
107441384
107441387
107441389
107441393
107441406
107441408
107441409
107441411
107441412
107441413
107441414
107441415
107441418
107441419
107441420
107441421
107441423
107441427
107441429
107441431
107441432
107441433
107441434
107441436
107441437
107441438
107441439
107441442
107441443
107441444
107441445
107441450
107441452
107441456
107441458
107441460
107441461
107441462
107441464
107441470
107441474
107441475
107441476
107441477
107441481
107441492
107441512
107441514
107441518
107441520
107441521
107441522
107441523
107441524
107441525
107441527
107441528
107441529
107441534
107441537
107441538
107441540
107441541
107441543
107441550
107441559
107441560
107441564
107441572
107441573
107441575
107441576
107441577
107441578
107441579
107441580
107441581
107441582
107441583
107441585
107441586
107441589
107441595
107441597
107441602
107441610
107441617
107441618
107441619
107441620
107441622
107441626
107441627
107441628
107441629
107441630
107441631
107441633
107441634
107441635
107441637
107441639
107441640
107441642
107441643
107441644
107441645
107441647
107441650
107441651
107441654
107441659
107441660
107441661
107441664
107441665
107441666
107441669
107441670
107441673
107441678
107441682
107441686
107441687
107441688
107441689
107441690
107441691
107441692
107441694
107441695
107441696
107441697
107441700
107441701
107441702
107441703
107441706
107441713
107441718
107441720
107441722
107441724
107441725
107441727
107441728
107441734
107441735
107441736
107441739
107441742
107441750
107441752
107441755
107441760
107441762
107441767
107441768
107441770
107441773
107441774
107441775
107441777
107441780
107441782
107441784
107441785
107441786
107441788
107441798
107441810
107441814
107441815
107441816
107441817
107441820
107441821
107441822
107441823
107441828
107441829
107441830
107441832
107441833
107441834
107441846
107441851
107441852
107441853
107441854
107441855
107441856
107441857
107441858
107441860
107441861
107441862
107441867
107441868
107441869
107441872
107441877
107441878
107441879
107441880
107441882
107441884
107441900
107441901
107441902
107441903
107441904
107441905
107441908
107441910
107441918
107441919
107441922
107441924
107441925
107441927
107441928
107441929
107441930
107441931
107441938
107441942
107441952
107441954
107441955
107441959
107441960
107441964
107441966
107441967
107441968
107441970
107441975
107441979
107441980
107441981
107441982
107441983
107441985
107441986
107441987
107441988
107441989
107441990
107441991
107441992
107441994
107441995
107441996
107441997
107441998
107442000
107442002
107442003
107442004
107442007
107442008
107442011
107442012
107442014
107442016
107442017
107442018
107442019
107442020
107442023
107442024
107442025
107442031
107442032
107442033
107442034
107442035
107442038
107442040
107442041
107442044
107442046
107442047
107442050
107442054
107442058
107442059
107442060
107442064
107442065
107442066
107442067
107442068
107442070
107442072
107442075
107442078
107442079
107442081
107442082
107442083
107442084
107442085
107442086
107442087
107442088
107442089
107442093
107442094
107442095
107442096
107442097
107442102
107442103
107442104
107442105
107442106
107442107
107442113
107442118
107442123
107442124
107442125
107442127
107442128
107442129
107442131
107442132
107442137
107442138
107442140
107442142
107442143
107442145
107442146
107442147
107442148
107442149
107442153
107442158
107442163
107442164
107442167
107442168
107442170
107442171
107442172
107442175
107442179
107442181
107442182
107442183
107442190
107442191
107442192
107442193
107442194
107442195
107442197
107442199
107442200
107442201
107442203
107442205
107442208
107442210
107442211
107442214
107442217
107442218
107442219
107442220
107442221
107442222
107442223
107442224
107442225
107442226
107442229
107442230
107442231
107442232
107442233
107442236
107442239
107442240
107442241
107442242
107442246
107442251
107442252
107442253
107442254
107442255
107442266
107442269
107442270
107442272
107442273
107442274
107442275
107442278
107442279
107442281
107442282
107442283
107442284
107442286
107442288
107442289
107442290
107442299
107442308
107442310
107442311
107442312
107442313
107442315
107442317
107442322
107442323
107442324
107442325
107442330
107442335
107442351
107442352
107442359
107442362
107442365
107442369
107442370
107442376
107442379
107442380
107442385
107442386
107442387
107442388
107442390
107442391
107442394
107442395
107442396
107442397
107442398
107442399
107442400
107442402
107442403
107442404
107442405
107442406
107442409
107442412
107442424
107442426
107442431
107442432
107442437
107442438
107442440
107442441
107442443
107442444
107442446
107442447
107442449
107442453
107442456
107442473
107442474
107442476
107442478
107442479
107442481
107442485
107442486
107442487
107442488
107442489
107442490
107442492
107442496
107442498
107442500
107442501
107442502
107442512
107442514
107442523
107442524
107442525
107442529
107442530
107442531
107442532
107442547
107442554
107442555
107442556
107442558
107442560
107442561
107442562
107442563
107442565
107442568
107442569
107442572
107442573
107442576
107442577
107442578
107442580
107442586
107442587
107442592
107442595
107442598
107442600
107442601
107442602
107442603
107442608
107442610
107442615
107442618
107442619
107442621
107442626
107442627
107442630
107442633
107442634
107442635
107442637
107442640
107442641
107442642
107442643
107442644
107442649
107442650
107442659
107442660
107442662
107442665
107442667
107442670
107442671
107442672
107442673
107442674
107442676
107442677
107442680
107442685
107442687
107442689
107442692
107442697
107442698
107442702
107442703
107442704
107442711
107442720
107442727
107442731
107442733
107442734
107442736
107442737
107442739
107442742
107442743
107442746
107442747
107442754
107442755
107442757
107442762
107442765
107442766
107442767
107442769
107442772
107442773
107442774
107442777
107442779
107442780
107442782
107442783
107442784
107442785
107442786
107442787
107442795
107442796
107442803
107442811
107442814
107442817
107442818
107442819
107442820
107442821
107442826
107442827
107442828
107442829
107442832
107442841
107442849
107442850
107442852
107442853
107442862
107442863
107442865
107442866
107442867
107442878
107442879
107442880
107442882
107442883
107442884
107442885
107442886
107442887
107442888
107442890
107442892
107442895
107442896
107442897
107442903
107442904
107442905
107442907
107442910
107442912
107442914
107442920
107442921
107442925
107442930
107442933
107442934
107442938
107442943
107442948
107442949
107442951
107442954
107442957
107442958
107442959
107442960
107442961
107442964
107442967
107442968
107442970
107442979
107442984
107442985
107442986
107442988
107442990
107442991
107442992
107442993
107443000
107443002
107443003
107443004
107443005
107443010
107443011
107443016
107443017
107443021
107443023
107443024
107443026
107443027
107443032
107443033
107443034
107443035
107443042
107443043
107443044
107443047
107443049
107443050
107443053
107443054
107443055
107443058
107443061
107443063
107443067
107443068
107443070
107443071
107443073
107443075
107443077
107443078
107443079
107443082
107443083
107443085
107443086
107443088
107443091
107443092
107443093
107443096
107443097
107443098
107443099
107443100
107443102
107443107
107443109
107443110
107443112
107443113
107443114
107443115
107443116
107443117
107443119
107443123
107443124
107443127
107443131
107443134
107443137
107443138
107443139
107443151
107443152
107443153
107443154
107443155
107443156
107443157
107443158
107443159
107443160
107443161
107443162
107443172
107443175
107443179
107443180
107443181
107443182
107443183
107443184
107443185
107443186
107443189
107443190
107443193
107443194
107443195
107443203
107443204
107443208
107443209
107443211
107443217
107443221
107443226
107443227
107443231
107443232
107443233
107443234
107443236
107443237
107443239
107443247
107443248
107443251
107443254
107443255
107443256
107443261
107443262
107443263
107443264
107443265
107443266
107443267
107443269
107443270
107443271
107443272
107443281
107443282
107443290
107443295
107443296
107443299
107443300
107443301
107443303
107443304
107443305
107443310
107443312
107443320
107443327
107443332
107443336
107443337
107443339
107443340
107443341
107443342
107443343
107443344
107443345
107443346
107443347
107443348
107443349
107443351
107443352
107443359
107443362
107443363
107443364
107443366
107443369
107443371
107443372
107443373
107443374
107443375
107443380
107443382
107443386
107443388
107443391
107443395
107443396
107443399
107443403
107443405
107443406
107443407
107443408
107443417
107443419
107443427
107443428
107443429
107443436
107443440
107443444
107443445
107443447
107443450
107443451
107443452
107443458
107443459
107443461
107443462
107443463
107443464
107443468
107443470
107443472
107443475
107443478
107443479
107443482
107443484
107443488
107443490
107443493
107443494
107443495
107443496
107443497
107443498
107443502
107443504
107443506
107443507
107443508
107443512
107443519
107443524
107443526
107443532
107443533
107443534
107443535
107443540
107443541
107443547
107443550
107443554
107443556
107443558
107443568
107443577
107443579
107443581
107443582
107443583
107443584
107443585
107443587
107443588
107443589
107443591
107443592
107443594
107443595
107443597
107443600
107443604
107443605
107443607
107443608
107443611
107443612
107443613
107443615
107443616
107443617
107443618
107443619
107443620
107443621
107443623
107443625
107443626
107443627
107443628
107443629
107443634
107443635
107443637
107443638
107443642
107443645
107443649
107443650
107443655
107443656
107443662
107443664
107443665
107443667
107443668
107443670
107443679
107443681
107443684
107443685
107443686
107443687
107443692
107443694
107443696
107443697
107443698
107443699
107443700
107443702
107443703
107443704
107443706
107443707
107443709
107443715
107443719
107443720
107443723
107443728
107443731
107443732
107443733
107443734
107443735
107443736
107443738
107443739
107443743
107443747
107443749
107443751
107443752
107443753
107443756
107443757
107443758
107443760
107443761
107443762
107443764
107443766
107443767
107443771
107443775
107443776
107443778
107443782
107443783
107443784
107443785
107443793
107443794
107443795
107443796
107443797
107443799
107443800
107443801
107443802
107443803
107443804
107443805
107443806
107443807
107443808
107443810
107443812
107443813
107443814
107443816
107443818
107443819
107443820
107443827
107443828
107443829
107443838
107443843
107443846
107443847
107443848
107443854
107443855
107443857
107443858
107443862
107443870
107443876
107443877
107443879
107443880
107443881
107443882
107443889
107443890
107443891
107443892
107443895
107443896
107443901
107443902
107443903
107443904
107443907
107443910
107443911
107443913
107443915
107443916
107443928
107443929
107443930
107443933
107443935
107443939
107443943
107443945
107443946
107443947
107443948
107443949
107443952
107443954
107443955
107443959
107443964
107443968
107443970
107443971
107443974
107443975
107443979
107443980
107443981
107443982
107443984
107443985
107443986
107443987
107443996
107443997
107444000
107444001
107444002
107444026
107444033
107444034
107444036
107444042
107444043
107444044
107444045
107444046
107444049
107444050
107444053
107444057
107444058
107444059
107444063
107444065
107444066
107444070
107444071
107444072
107444074
107444080
107444082
107444083
107444084
107444085
107444086
107444087
107444088
107444089
107444090
107444091
107444093
107444097
107444108
107444109
107444116
107444125
107444126
107444127
107444128
107444131
107444132
107444135
107444137
107444139
107444140
107444141
107444150
107444151
107444155
107444159
107444160
107444164
107444168
107444172
107444173
107444174
107444178
107444179
107444181
107444182
107444183
107444184
107444186
107444189
107444190
107444193
107444201
107444203
107444204
107444205
107444215
107444216
107444218
107444224
107444228
107444230
107444231
107444232
107444233
107444234
107444235
107444236
107444237
107444243
107444246
107444247
107444248
107444249
107444253
107444254
107444258
107444261
107444265
107444269
107444271
107444282
107444283
107444284
107444285
107444286
107444292
107444312
107444313
107444317
107444319
107444333
107444335
107444336
107444337
107444338
107444339
107444341
107444345
107444346
107444347
107444350
107444358
107444360
107444361
107444362
107444363
107444366
107444376
107444382
107444383
107444385
107444387
107444389
107444391
107444392
107444393
107444397
107444400
107444401
107444406
107444407
107444408
107444426
107444427
107444428
107444430
107444431
107444435
107444438
107444439
107444440
107444441
107444442
107444444
107444448
107444453
107444454
107444455
107444456
107444458
107444459
107444460
107444462
107444463
107444464
107444465
107444467
107444468
107444483
107444485
107444487
107444488
107444491
107444492
107444493
107444495
107444496
107444497
107444498
107444506
107444508
107444512
107444513
107444514
107444515
107444524
107444528
107444531
107444532
107444534
107444538
107444540
107444544
107444546
107444549
107444550
107444551
107444553
107444554
107444555
107444556
107444557
107444558
107444561
107444564
107444565
107444568
107444569
107444575
107444576
107444578
107444579
107444580
107444581
107444582
107444584
107444585
107444586
107444589
107444591
107444593
107444597
107444609
107444610
107444617
107444618
107444619
107444620
107444621
107444625
107444627
107444628
107444629
107444631
107444644
107444645
107444651
107444658
107444661
107444662
107444664
107444665
107444670
107444675
107444676
107444677
107444683
107444687
107444705
107444709
107444712
107444720
107444721
107444724
107444725
107444726
107444729
107444730
107444732
107444734
107444741
107444742
107444743
107444744
107444745
107444748
107444750
107444752
107444753
107444762
107444763
107444765
107444770
107444771
107444774
107444781
107444788
107444791
107444792
107444793
107444797
107444798
107444800
107444801
107444802
107444804
107444805
107444806
107444808
107444809
107444813
107444818
107444832
107444833
107444836
107444837
107444838
107444843
107444844
107444846
107444852
107444855
107444857
107444861
107444862
107444864
107444868
107444869
107444874
107444876
107444879
107444880
107444885
107444887
107444888
107444893
107444895
107444896
107444900
107444906
107444907
107444911
107444912
107444913
107444918
107444927
107444928
107444929
107444930
107444932
107444939
107444940
107444941
107444942
107444944
107444945
107444946
107444948
107444949
107444950
107444951
107444952
107444953
107444954
107444955
107444973
107444975
107444977
107444979
107444985
107444990
107444993
107444997
107444999
107445000
107445002
107445005
107445008
107445009
107445010
107445011
107445015
107445016
107445017
107445019
107445020
107445026
107445031
107445032
107445036
107445044
107445045
107445048
107445049
107445051
107445052
107445055
107445056
107445058
107445059
107445060
107445061
107445062
107445063
107445064
107445067
107445069
107445070
107445071
107445072
107445073
107445077
107445079
107445081
107445091
107445092
107445098
107445099
107445101
107445104
107445108
107445109
107445111
107445112
107445113
107445117
107445121
107445122
107445123
107445125
107445131
107445132
107445135
107445136
107445141
107445142
107445143
107445145
107445146
107445148
107445149
107445150
107445151
107445152
107445155
107445159
107445161
107445162
107445163
107445164
107445173
107445177
107445179
107445181
107445188
107445189
107445190
107445191
107445195
107445197
107445207
107445211
107445212
107445216
107445218
107445219
107445221
107445225
107445228
107445229
107445231
107445236
107445237
107445238
107445244
107445248
107445251
107445252
107445253
107445254
107445255
107445257
107445266
107445269
107445274
107445275
107445276
107445286
107445289
107445290
107445296
107445297
107445298
107445302
107445304
107445308
107445309
107445310
107445312
107445313
107445323
107445324
107445326
107445327
107445328
107445331
107445332
107445334
107445338
107445344
107445345
107445347
107445351
107445353
107445354
107445355
107445360
107445363
107445364
107445365
107445373
107445376
107445377
107445378
107445381
107445388
107445391
107445392
107445393
107445399
107445401
107445402
107445403
107445405
107445407
107445409
107445410
107445412
107445415
107445416
107445421
107445423
107445428
107445430
107445432
107445433
107445434
107445439
107445441
107445449
107445450
107445451
107445454
107445456
107445457
107445462
107445463
107445466
107445467
107445469
107445470
107445477
107445478
107445482
107445483
107445484
107445486
107445487
107445488
107445489
107445490
107445498
107445501
107445503
107445505
107445507
107445511
107445512
107445513
107445515
107445516
107445517
107445518
107445519
107445520
107445521
107445522
107445524
107445525
107445527
107445529
107445530
107445531
107445532
107445533
107445534
107445535
107445537
107445540
107445541
107445542
107445558
107445564
107445576
107445582
107445584
107445585
107445589
107445590
107445595
107445596
107445597
107445603
107445605
107445606
107445611
107445612
107445613
107445614
107445615
107445618
107445619
107445623
107445624
107445627
107445628
107445630
107445631
107445632
107445633
107445634
107445635
107445636
107445637
107445639
107445648
107445649
107445650
107445654
107445655
107445656
107445658
107445659
107445661
107445665
107445667
107445671
107445672
107445676
107445677
107445679
107445680
107445682
107445686
107445688
107445692
107445693
107445694
107445704
107445720
107445721
107445722
107445723
107445724
107445725
107445728
107445730
107445731
107445732
107445735
107445741
107445744
107445746
107445749
107445751
107445755
107445759
107445760
107445763
107445770
107445773
107445775
107445777
107445778
107445779
107445780
107445782
107445791
107445793
107445799
107445800
107445805
107445807
107445810
107445815
107445816
107445824
107445826
107445827
107445828
107445829
107445831
107445832
107445836
107445837
107445841
107445852
107445858
107445859
107445861
107445872
107445875
107445877
107445878
107445887
107445890
107445891
107445893
107445896
107445900
107445904
107445905
107445906
107445908
107445917
107445918
107445919
107445920
107445923
107445924
107445927
107445928
107445930
107445931
107445932
107445933
107445935
107445938
107445939
107445941
107445943
107445944
107445946
107445948
107445949
107445956
107445957
107445958
107445960
107445961
107445964
107445965
107445966
107445967
107445969
107445972
107445976
107445982
107445985
107445986
107445990
107445991
107445992
107445993
107445999
107446000
107446001
107446007
107446008
107446012
107446014
107446015
107446018
107446020
107446023
107446025
107446026
107446029
107446030
107446031
107446033
107446034
107446036
107446044
107446048
107446052
107446053
107446061
107446062
107446065
107446070
107446071
107446072
107446074
107446076
107446078
107446079
107446080
107446081
107446082
107446083
107446084
107446087
107446089
107446090
107446091
107446092
107446093
107446094
107446095
107446096
107446097
107446098
107446099
107446101
107446102
107446108
107446112
107446113
107446114
107446115
107446119
107446122
107446123
107446124
107446139
107446143
107446151
107446154
107446158
107446160
107446164
107446167
107446168
107446172
107446173
107446178
107446182
107446184
107446185
107446186
107446187
107446188
107446189
107446190
107446198
107446208
107446209
107446210
107446215
107446217
107446218
107446220
107446235
107446237
107446238
107446239
107446245
107446248
107446249
107446250
107446257
107446258
107446259
107446260
107446262
107446265
107446271
107446274
107446276
107446277
107446280
107446284
107446292
107446293
107446294
107446295
107446296
107446298
107446301
107446303
107446305
107446306
107446307
107446308
107446309
107446310
107446315
107446318
107446319
107446320
107446337
107446346
107446347
107446348
107446349
107446352
107446354
107446355
107446356
107446357
107446358
107446359
107446360
107446361
107446362
107446364
107446368
107446371
107446372
107446373
107446374
107446375
107446376
107446378
107446381
107446382
107446383
107446387
107446391
107446395
107446396
107446402
107446404
107446405
107446406
107446407
107446409
107446411
107446423
107446424
107446425
107446426
107446427
107446430
107446431
107446432
107446433
107446439
107446442
107446446
107446447
107446448
107446452
107446453
107446459
107446460
107446462
107446463
107446472
107446476
107446477
107446481
107446485
107446490
107446491
107446493
107446495
107446506
107446510
107446511
107446512
107446515
107446516
107446520
107446522
107446526
107446527
107446529
107446531
107446532
107446536
107446547
107446548
107446550
107446551
107446553
107446555
107446556
107446557
107446558
107446559
107446560
107446563
107446568
107446569
107446570
107446571
107446574
107446576
107446577
107446584
107446585
107446587
107446592
107446593
107446594
107446595
107446597
107446599
107446600
107446605
107446607
107446608
107446611
107446614
107446630
107446631
107446634
107446635
107446636
107446640
107446642
107446643
107446644
107446648
107446650
107446654
107446656
107446657
107446658
107446659
107446660
107446661
107446663
107446665
107446666
107446667
107446668
107446669
107446670
107446672
107446673
107446679
107446680
107446684
107446686
107446690
107446696
107446697
107446698
107446699
107446700
107446701
107446702
107446703
107446705
107446707
107446708
107446709
107446710
107446712
107446715
107446716
107446717
107446718
107446721
107446727
107446729
107446730
107446737
107446740
107446742
107446744
107446745
107446746
107446747
107446748
107446750
107446751
107446752
107446754
107446755
107446756
107446757
107446758
107446760
107446762
107446763
107446766
107446767
107446768
107446774
107446775
107446780
107446783
107446784
107446785
107446786
107446790
107446791
107446794
107446795
107446798
107446799
107446812
107446815
107446816
107446820
107446821
107446827
107446828
107446833
107446834
107446835
107446836
107446838
107446839
107446840
107446842
107446844
107446852
107446853
107446858
107446867
107446878
107446881
107446882
107446883
107446884
107446886
107446889
107446892
107446895
107446897
107446902
107446905
107446908
107446911
107446914
107446915
107446916
107446917
107446918
107446919
107446920
107446922
107446923
107446924
107446925
107446926
107446927
107446928
107446929
107446930
107446932
107446933
107446936
107446942
107446946
107446961
107446962
107446963
107446964
107446965
107446968
107446970
107446973
107446974
107446977
107446979
107446980
107446981
107446982
107446985
107446987
107446988
107446989
107446991
107446992
107446995
107446996
107446997
107446998
107447004
107447007
107447008
107447009
107447010
107447012
107447013
107447014
107447016
107447017
107447018
107447019
107447020
107447022
107447023
107447024
107447025
107447026
107447027
107447028
107447029
107447031
107447032
107447033
107447035
107447036
107447037
107447038
107447040
107447046
107447063
107447064
107447068
107447073
107447075
107447079
107447080
107447083
107447084
107447085
107447087
107447088
107447096
107447097
107447098
107447102
107447103
107447104
107447105
107447107
107447112
107447113
107447114
107447116
107447118
107447120
107447121
107447122
107447123
107447125
107447126
107447127
107447128
107447141
107447145
107447146
107447147
107447150
107447151
107447152
107447153
107447154
107447155
107447156
107447158
107447159
107447161
107447162
107447163
107447164
107447175
107447176
107447177
107447180
107447181
107447185
107447202
107447205
107447211
107447212
107447215
107447216
107447217
107447219
107447221
107447224
107447225
107447226
107447227
107447235
107447237
107447241
107447242
107447243
107447244
107447247
107447248
107447251
107447253
107447255
107447256
107447257
107447259
107447261
107447263
107447267
107447268
107447269
107447284
107447285
107447287
107447293
107447298
107447300
107447301
107447302
107447324
107447326
107447328
107447329
107447331
107447335
107447336
107447337
107447338
107447340
107447341
107447342
107447343
107447346
107447348
107447355
107447356
107447357
107447359
107447360
107447369
107447370
107447371
107447374
107447376
107447378
107447379
107447380
107447381
107447382
107447384
107447385
107447386
107447387
107447390
107447391
107447392
107447393
107447399
107447404
107447405
107447406
107447408
107447409
107447410
107447411
107447412
107447417
107447425
107447426
107447427
107447429
107447430
107447443
107447444
107447446
107447448
107447454
107447455
107447456
107447458
107447460
107447463
107447464
107447466
107447472
107447474
107447475
107447477
107447479
107447480
107447481
107447483
107447489
107447490
107447491
107447507
107447511
107447512
107447514
107447518
107447524
107447525
107447528
107447531
107447536
107447537
107447538
107447539
107447543
107447544
107447546
107447549
107447550
107447553
107447556
107447557
107447559
107447560
107447561
107447564
107447565
107447570
107447572
107447574
107447575
107447577
107447578
107447584
107447586
107447589
107447591
107447593
107447594
107447595
107447596
107447601
107447606
107447610
107447615
107447617
107447618
107447624
107447625
107447626
107447627
107447628
107447629
107447630
107447631
107447633
107447634
107447635
107447636
107447638
107447646
107447647
107447648
107447649
107447650
107447652
107447653
107447654
107447655
107447656
107447658
107447662
107447664
107447665
107447666
107447667
107447668
107447671
107447672
107447673
107447678
107447682
107447686
107447687
107447688
107447689
107447690
107447691
107447694
107447699
107447701
107447702
107447703
107447704
107447705
107447706
107447707
107447708
107447709
107447710
107447711
107447713
107447714
107447723
107447726
107447727
107447734
107447736
107447737
107447745
107447746
107447748
107447750
107447751
107447755
107447757
107447763
107447766
107447768
107447770
107447772
107447773
107447774
107447775
107447776
107447780
107447788
107447793
107447794
107447795
107447796
107447798
107447800
107447801
107447804
107447806
107447807
107447810
107447813
107447814
107447815
107447817
107447819
107447821
107447822
107447826
107447827
107447828
107447830
107447833
107447834
107447835
107447836
107447843
107447846
107447848
107447850
107447852
107447860
107447861
107447863
107447864
107447867
107447868
107447869
107447870
107447871
107447872
107447873
107447874
107447876
107447881
107447882
107447888
107447890
107447892
107447905
107447906
107447907
107447908
107447912
107447915
107447917
107447921
107447924
107447925
107447926
107447927
107447929
107447931
107447933
107447937
107447942
107447943
107447945
107447948
107447952
107447953
107447954
107447955
107447956
107447957
107447958
107447959
107447961
107447962
107447963
107447964
107447965
107447967
107447968
107447969
107447970
107447971
107447972
107447973
107447974
107447976
107447978
107447981
107447982
107447983
107447985
107447986
107447987
107447989
107447990
107447991
107447993
107448001
107448002
107448003
107448010
107448011
107448017
107448018
107448019
107448025
107448032
107448037
107448044
107448048
107448049
107448050
107448052
107448053
107448055
107448056
107448058
107448060
107448061
107448062
107448065
107448066
107448071
107448079
107448087
107448091
107448095
107448096
107448097
107448099
107448102
107448103
107448109
107448110
107448111
107448113
107448120
107448125
107448132
107448134
107448135
107448142
107448144
107448147
107448150
107448152
107448153
107448157
107448158
107448161
107448162
107448165
107448168
107448169
107448170
107448174
107448178
107448180
107448182
107448185
107448186
107448187
107448189
107448190
107448191
107448196
107448197
107448198
107448201
107448205
107448206
107448208
107448209
107448210
107448216
107448219
107448222
107448225
107448226
107448228
107448230
107448231
107448232
107448233
107448234
107448236
107448239
107448242
107448243
107448250
107448252
107448253
107448262
107448263
107448264
107448265
107448268
107448270
107448272
107448277
107448278
107448280
107448284
107448291
107448294
107448297
107448298
107448299
107448300
107448307
107448308
107448309
107448310
107448311
107448312
107448313
107448314
107448316
107448317
107448318
107448319
107448325
107448326
107448327
107448329
107448330
107448331
107448332
107448333
107448335
107448336
107448337
107448338
107448346
107448350
107448351
107448359
107448363
107448364
107448368
107448370
107448371
107448372
107448373
107448374
107448376
107448378
107448379
107448385
107448386
107448389
107448390
107448394
107448396
107448397
107448398
107448400
107448401
107448402
107448403
107448404
107448406
107448407
107448408
107448412
107448419
107448423
107448428
107448431
107448432
107448434
107448435
107448437
107448440
107448441
107448442
107448443
107448444
107448445
107448446
107448447
107448449
107448451
107448453
107448454
107448455
107448457
107448459
107448460
107448462
107448464
107448467
107448476
107448478
107448479
107448481
107448483
107448487
107448489
107448491
107448499
107448500
107448501
107448502
107448506
107448507
107448508
107448509
107448510
107448511
107448512
107448513
107448514
107448515
107448516
107448524
107448527
107448528
107448529
107448530
107448531
107448533
107448536
107448539
107448546
107448549
107448552
107448553
107448555
107448558
107448562
107448563
107448564
107448565
107448566
107448567
107448569
107448570
107448571
107448572
107448574
107448575
107448576
107448577
107448578
107448579
107448580
107448581
107448583
107448596
107448598
107448604
107448607
107448608
107448610
107448612
107448613
107448614
107448615
107448616
107448617
107448618
107448619
107448621
107448623
107448624
107448625
107448631
107448632
107448633
107448634
107448637
107448640
107448641
107448642
107448644
107448645
107448648
107448649
107448654
107448655
107448656
107448657
107448659
107448667
107448668
107448669
107448674
107448678
107448680
107448681
107448683
107448684
107448691
107448693
107448697
107448698
107448699
107448701
107448709
107448710
107448713
107448722
107448725
107448727
107448728
107448730
107448731
107448732
107448735
107448737
107448738
107448739
107448741
107448745
107448748
107448763
107448764
107448765
107448766
107448768
107448773
107448776
107448778
107448780
107448785
107448788
107448791
107448792
107448794
107448795
107448797
107448798
107448801
107448802
107448804
107448805
107448807
107448809
107448813
107448814
107448815
107448822
107448823
107448826
107448827
107448828
107448829
107448831
107448832
107448833
107448834
107448842
107448845
107448849
107448850
107448853
107448854
107448856
107448857
107448858
107448859
107448861
107448862
107448863
107448875
107448876
107448877
107448879
107448880
107448882
107448885
107448886
107448889
107448892
107448893
107448894
107448896
107448897
107448898
107448899
107448900
107448901
107448902
107448903
107448905
107448906
107448908
107448909
107448910
107448911
107448912
107448915
107448917
107448918
107448919
107448921
107448927
107448933
107448934
107448937
107448944
107448946
107448948
107448949
107448952
107448953
107448959
107448960
107448967
107448969
107448970
107448971
107448972
107448973
107448975
107448976
107448977
107448981
107448983
107448992
107448995
107449002
107449005
107449006
107449007
107449008
107449010
107449011
107449013
107449014
107449016
107449017
107449018
107449019
107449020
107449021
107449022
107449023
107449028
107449033
107449043
107449053
107449057
107449058
107449059
107449060
107449061
107449066
107449067
107449071
107449076
107449078
107449079
107449083
107449089
107449100
107449105
107449106
107449107
107449110
107449114
107449115
107449120
107449123
107449129
107449131
107449132
107449138
107449139
107449140
107449143
107449144
107449145
107449146
107449147
107449149
107449151
107449152
107449157
107449160
107449163
107449166
107449168
107449171
107449172
107449173
107449188
107449191
107449194
107449195
107449197
107449198
107449204
107449217
107449219
107449220
107449224
107449226
107449230
107449232
107449233
107449234
107449241
107449243
107449249
107449252
107449253
107449255
107449256
107449257
107449258
107449259
107449260
107449261
107449263
107449274
107449275
107449276
107449277
107449281
107449283
107449285
107449290
107449292
107449293
107449295
107449296
107449297
107449299
107449304
107449306
107449310
107449321
107449323
107449324
107449325
107449326
107449327
107449329
107449334
107449337
107449338
107449341
107449342
107449343
107449344
107449345
107449353
107449355
107449357
107449359
107449360
107449363
107449366
107449367
107449369
107449371
107449373
107449376
107449377
107449381
107449382
107449383
107449384
107449387
107449388
107449390
107449392
107449396
107449398
107449399
107449400
107449406
107449408
107449410
107449411
107449412
107449413
107449415
107449418
107449423
107449424
107449425
107449438
107449439
107449440
107449441
107449442
107449443
107449446
107449449
107449452
107449459
107449462
107449463
107449473
107449475
107449476
107449486
107449489
107449491
107449497
107449499
107449500
107449503
107449508
107449509
107449511
107449512
107449513
107449514
107449515
107449516
107449517
107449519
107449521
107449522
107449523
107449524
107449525
107449527
107449528
107449529
107449530
107449536
107449537
107449540
107449541
107449542
107449543
107449544
107449545
107449550
107449551
107449552
107449556
107449559
107449561
107449562
107449563
107449566
107449579
107449580
107449583
107449584
107449585
107449586
107449587
107449592
107449594
107449597
107449598
107449600
107449603
107449604
107449605
107449606
107449607
107449608
107449610
107449611
107449613
107449617
107449618
107449619
107449620
107449621
107449622
107449623
107449624
107449625
107449626
107449627
107449630
107449631
107449632
107449633
107449634
107449640
107449644
107449648
107449649
107449650
107449653
107449655
107449656
107449657
107449658
107449662
107449665
107449666
107449667
107449668
107449669
107449670
107449671
107449675
107449676
107449679
107449680
107449682
107449687
107449689
107449691
107449693
107449694
107449695
107449698
107449700
107449702
107449703
107449704
107449705
107449706
107449707
107449708
107449709
107449711
107449716
107449718
107449721
107449723
107449724
107449725
107449728
107449729
107449730
107449731
107449732
107449733
107449735
107449736
107449737
107449738
107449739
107449741
107449743
107449745
107449750
107449752
107449753
107449754
107449757
107449759
107449760
107449763
107449764
107449771
107449775
107449776
107449777
107449778
107449779
107449780
107449781
107449783
107449789
107449790
107449791
107449794
107449795
107449799
107449804
107449805
107449808
107449810
107449813
107449814
107449817
107449819
107449820
107449821
107449829
107449830
107449833
107449838
107449839
107449840
107449842
107449843
107449846
107449847
107449850
107449851
107449854
107449860
107449862
107449865
107449871
107449872
107449875
107449877
107449882
107449883
107449885
107449890
107449893
107449895
107449896
107449897
107449898
107449899
107449900
107449901
107449904
107449906
107449907
107449908
107449912
107449913
107449914
107449915
107449916
107449917
107449918
107449921
107449922
107449929
107449937
107449939
107449942
107449943
107449944
107449945
107449946
107449950
107449951
107449952
107449953
107449956
107449957
107449958
107449960
107449961
107449963
107449964
107449966
107449967
107449971
107449976
107449979
107449980
107449981
107449983
107449985
107449987
107449989
107449990
107449992
107449993
107449994
107449995
107449996
107449997
107449998
107449999
107450000
107450002
107450003
107450004
107450006
107450007
107450008
107450009
107450011
107450013
107450015
107450018
107450028
107450033
107450037
107450041
107450043
107450046
107450050
107450051
107450054
107450056
107450058
107450060
107450063
107450066
107450069
107450073
107450077
107450080
107450092
107450093
107450094
107450095
107450096
107450097
107450098
107450099
107450100
107450102
107450103
107450104
107450105
107450109
107450116
107450117
107450118
107450119
107450121
107450122
107450128
107450129
107450130
107450135
107450136
107450138
107450140
107450141
107450143
107450156
107450158
107450161
107450163
107450165
107450167
107450168
107450173
107450175
107450179
107450185
107450186
107450187
107450188
107450189
107450191
107450194
107450195
107450201
107450203
107450204
107450205
107450206
107450208
107450214
107450223
107450224
107450226
107450227
107450228
107450229
107450230
107450234
107450236
107450237
107450240
107450241
107450242
107450243
107450245
107450247
107450248
107450249
107450252
107450256
107450259
107450265
107450269
107450272
107450274
107450275
107450280
107450283
107450285
107450286
107450288
107450289
107450290
107450293
107450294
107450295
107450300
107450301
107450304
107450305
107450306
107450308
107450310
107450314
107450317
107450318
107450319
107450323
107450327
107450334
107450335
107450344
107450347
107450348
107450354
107450357
107450360
107450367
107450368
107450370
107450371
107450377
107450378
107450379
107450381
107450383
107450385
107450387
107450389
107450391
107450399
107450400
107450405
107450406
107450407
107450408
107450409
107450410
107450412
107450413
107450414
107450415
107450418
107450421
107450424
107450425
107450427
107450429
107450433
107450444
107450449
107450450
107450453
107450456
107450459
107450460
107450463
107450465
107450466
107450467
107450468
107450472
107450474
107450476
107450477
107450479
107450480
107450481
107450482
107450484
107450485
107450486
107450487
107450490
107450491
107450493
107450497
107450499
107450508
107450509
107450516
107450518
107450521
107450522
107450523
107450525
107450529
107450530
107450532
107450534
107450535
107450537
107450541
107450542
107450543
107450544
107450547
107450550
107450553
107450555
107450556
107450557
107450559
107450564
107450565
107450568
107450569
107450570
107450578
107450579
107450580
107450582
107450583
107450584
107450591
107450593
107450600
107450601
107450603
107450617
107450618
107450623
107450625
107450627
107450632
107450633
107450636
107450637
107450639
107450643
107450644
107450645
107450647
107450648
107450651
107450658
107450665
107450669
107450671
107450684
107450685
107450689
107450690
107450693
107450696
107450697
107450699
107450705
107450708
107450715
107450716
107450718
107450730
107450731
107450737
107450738
107450742
107450746
107450749
107450753
107450754
107450756
107450758
107450759
107450760
107450774
107450775
107450779
107450783
107450785
107450786
107450790
107450793
107450794
107450815
107450816
107450821
107450822
107450823
107450824
107450826
107450828
107450830
107450831
107450832
107450833
107450835
107450837
107450838
107450839
107450840
107450841
107450845
107450846
107450847
107450851
107450852
107450859
107450860
107450861
107450862
107450864
107450865
107450866
107450867
107450872
107450873
107450876
107450877
107450879
107450883
107450884
107450889
107450891
107450892
107450893
107450894
107450896
107450897
107450899
107450901
107450902
107450904
107450905
107450906
107450907
107450908
107450909
107450910
107450911
107450912
107450915
107450919
107450924
107450925
107450926
107450935
107450936
107450937
107450941
107450942
107450943
107450944
107450948
107450949
107450954
107450960
107450961
107450970
107450971
107450977
107450979
107450980
107450981
107450982
107450986
107450996
107450998
107450999
107451005
107451012
107451014
107451015
107451016
107451019
107451020
107451023
107451025
107451026
107451027
107451028
107451033
107451034
107451035
107451036
107451038
107451039
107451040
107451041
107451042
107451043
107451045
107451046
107451048
107451049
107451050
107451052
107451053
107451054
107451055
107451058
107451059
107451063
107451064
107451069
107451071
107451072
107451075
107451087
107451091
107451096
107451097
107451100
107451101
107451105
107451106
107451108
107451112
107451113
107451128
107451130
107451131
107451134
107451137
107451138
107451139
107451140
107451141
107451144
107451147
107451148
107451150
107451153
107451154
107451155
107451157
107451161
107451162
107451165
107451172
107451174
107451175
107451176
107451178
107451180
107451182
107451183
107451191
107451193
107451194
107451195
107451196
107451197
107451200
107451201
107451202
107451203
107451209
107451211
107451213
107451216
107451223
107451227
107451230
107451235
107451236
107451237
107451240
107451242
107451243
107451244
107451245
107451246
107451248
107451250
107451252
107451256
107451257
107451258
107451262
107451266
107451269
107451270
107451273
107451274
107451275
107451280
107451281
107451282
107451283
107451284
107451299
107451303
107451307
107451308
107451309
107451311
107451313
107451314
107451315
107451316
107451318
107451320
107451321
107451322
107451326
107451335
107451336
107451338
107451340
107451341
107451342
107451343
107451345
107451346
107451349
107451350
107451352
107451367
107451369
107451370
107451375
107451376
107451377
107451378
107451380
107451381
107451382
107451386
107451396
107451397
107451398
107451400
107451403
107451404
107451405
107451407
107451409
107451411
107451418
107451419
107451421
107451423
107451426
107451427
107451428
107451429
107451431
107451432
107451438
107451439
107451440
107451441
107451442
107451443
107451445
107451446
107451447
107451448
107451453
107451463
107451464
107451466
107451467
107451469
107451470
107451471
107451473
107451475
107451476
107451478
107451480
107451482
107451483
107451484
107451486
107451487
107451489
107451490
107451491
107451492
107451495
107451496
107451497
107451499
107451504
107451508
107451509
107451510
107451513
107451514
107451517
107451519
107451520
107451525
107451528
107451530
107451531
107451534
107451538
107451544
107451545
107451546
107451548
107451551
107451554
107451555
107451560
107451564
107451565
107451566
107451567
107451568
107451569
107451572
107451575
107451576
107451577
107451578
107451579
107451580
107451582
107451586
107451595
107451599
107451601
107451602
107451604
107451608
107451611
107451613
107451617
107451619
107451620
107451621
107451625
107451628
107451629
107451631
107451633
107451635
107451638
107451639
107451642
107451644
107451645
107451657
107451659
107451668
107451669
107451671
107451674
107451678
107451679
107451680
107451681
107451683
107451684
107451686
107451687
107451688
107451689
107451690
107451691
107451692
107451701
107451705
107451706
107451708
107451712
107451713
107451716
107451717
107451718
107451720
107451721
107451723
107451731
107451732
107451734
107451735
107451736
107451737
107451740
107451741
107451746
107451748
107451750
107451752
107451753
107451754
107451755
107451756
107451757
107451758
107451759
107451770
107451773
107451774
107451776
107451782
107451787
107451788
107451791
107451792
107451793
107451795
107451796
107451797
107451798
107451799
107451800
107451801
107451802
107451804
107451805
107451806
107451807
107451808
107451809
107451810
107451815
107451820
107451821
107451822
107451829
107451830
107451832
107451833
107451835
107451839
107451845
107451851
107451855
107451858
107451859
107451861
107451868
107451871
107451872
107451873
107451874
107451878
107451879
107451883
107451884
107451885
107451887
107451889
107451896
107451897
107451898
107451900
107451908
107451909
107451910
107451911
107451912
107451914
107451919
107451927
107451933
107451938
107451942
107451946
107451948
107451950
107451952
107451955
107451958
107451965
107451966
107451967
107451968
107451973
107451977
107451979
107451981
107451982
107451983
107451984
107451985
107451986
107451987
107451988
107451989
107451990
107451991
107451993
107451995
107452001
107452002
107452003
107452004
107452007
107452008
107452009
107452010
107452013
107452014
107452015
107452016
107452017
107452018
107452032
107452034
107452039
107452042
107452044
107452045
107452046
107452049
107452052
107452053
107452055
107452056
107452059
107452067
107452073
107452079
107452080
107452081
107452083
107452084
107452085
107452086
107452087
107452092
107452095
107452096
107452097
107452098
107452099
107452101
107452102
107452103
107452110
107452113
107452114
107452116
107452117
107452119
107452120
107452121
107452125
107452127
107452128
107452129
107452133
107452137
107452140
107452141
107452142
107452143
107452144
107452145
107452146
107452147
107452152
107452153
107452167
107452173
107452174
107452175
107452176
107452177
107452178
107452179
107452184
107452185
107452186
107452191
107452193
107452194
107452195
107452197
107452199
107452200
107452201
107452202
107452203
107452206
107452211
107452212
107452214
107452215
107452217
107452218
107452219
107452221
107452224
107452229
107452236
107452237
107452238
107452244
107452245
107452250
107452251
107452252
107452253
107452256
107452265
107452266
107452272
107452277
107452279
107452281
107452285
107452288
107452289
107452291
107452292
107452294
107452295
107452296
107452298
107452300
107452301
107452302
107452303
107452304
107452306
107452307
107452308
107452310
107452311
107452313
107452314
107452315
107452321
107452323
107452324
107452326
107452331
107452335
107452338
107452339
107452341
107452342
107452344
107452353
107452354
107452355
107452356
107452358
107452359
107452360
107452361
107452364
107452365
107452366
107452367
107452368
107452386
107452391
107452394
107452396
107452397
107452398
107452399
107452401
107452402
107452403
107452404
107452416
107452417
107452421
107452422
107452426
107452429
107452431
107452432
107452433
107452444
107452446
107452447
107452448
107452450
107452451
107452452
107452455
107452457
107452470
107452471
107452474
107452475
107452476
107452478
107452480
107452491
107452496
107452497
107452498
107452499
107452505
107452506
107452507
107452510
107452511
107452514
107452515
107452516
107452517
107452525
107452526
107452528
107452529
107452531
107452533
107452534
107452536
107452539
107452541
107452542
107452543
107452544
107452555
107452558
107452560
107452561
107452562
107452563
107452564
107452565
107452568
107452570
107452580
107452582
107452584
107452585
107452586
107452587
107452588
107452589
107452591
107452595
107452596
107452597
107452600
107452602
107452603
107452604
107452606
107452609
107452612
107452613
107452614
107452617
107452618
107452621
107452623
107452626
107452628
107452629
107452630
107452631
107452632
107452633
107452634
107452635
107452637
107452642
107452643
107452647
107452648
107452649
107452650
107452651
107452652
107452653
107452654
107452655
107452656
107452657
107452658
107452659
107452661
107452662
107452667
107452671
107452673
107452681
107452684
107452685
107452689
107452690
107452693
107452694
107452695
107452696
107452697
107452702
107452708
107452712
107452713
107452714
107452715
107452716
107452718
107452725
107452726
107452728
107452729
107452732
107452733
107452734
107452735
107452737
107452741
107452742
107452746
107452749
107452750
107452751
107452753
107452754
107452757
107452758
107452759
107452761
107452765
107452768
107452769
107452778
107452780
107452782
107452785
107452788
107452789
107452790
107452791
107452801
107452807
107452809
107452816
107452817
107452818
107452819
107452821
107452822
107452824
107452825
107452826
107452828
107452830
107452831
107452833
107452834
107452835
107452836
107452837
107452838
107452839
107452840
107452844
107452847
107452850
107452851
107452852
107452854
107452863
107452871
107452875
107452877
107452878
107452884
107452886
107452888
107452889
107452891
107452892
107452894
107452895
107452897
107452899
107452900
107452902
107452905
107452906
107452907
107452908
107452910
107452911
107452913
107452915
107452917
107452927
107452931
107452935
107452936
107452943
107452944
107452947
107452951
107452953
107452958
107452962
107452964
107452970
107452972
107452975
107452978
107452981
107452982
107452984
107452992
107452994
107452995
107452997
107452999
107453001
107453005
107453006
107453009
107453010
107453011
107453012
107453013
107453016
107453018
107453029
107453030
107453035
107453040
107453041
107453042
107453044
107453046
107453047
107453051
107453055
107453056
107453057
107453058
107453059
107453070
107453081
107453083
107453084
107453086
107453087
107453098
107453110
107453112
107453113
107453117
107453120
107453121
107453124
107453126
107453129
107453132
107453134
107453136
107453137
107453142
107453144
107453145
107453147
107453148
107453149
107453150
107453151
107453155
107453158
107453159
107453160
107453161
107453162
107453163
107453164
107453168
107453171
107453172
107453177
107453180
107453182
107453183
107453184
107453185
107453194
107453197
107453200
107453212
107453215
107453219
107453220
107453225
107453226
107453227
107453228
107453238
107453241
107453245
107453249
107453250
107453251
107453252
107453253
107453255
107453260
107453264
107453266
107453272
107453275
107453276
107453277
107453283
107453285
107453286
107453287
107453288
107453292
107453294
107453295
107453299
107453300
107453301
107453302
107453306
107453310
107453312
107453313
107453314
107453315
107453316
107453320
107453321
107453322
107453324
107453325
107453327
107453328
107453330
107453331
107453332
107453335
107453336
107453341
107453342
107453346
107453347
107453350
107453353
107453358
107453359
107453361
107453362
107453363
107453364
107453365
107453366
107453367
107453368
107453369
107453371
107453373
107453375
107453377
107453381
107453384
107453385
107453387
107453393
107453394
107453403
107453404
107453405
107453407
107453408
107453411
107453414
107453415
107453417
107453425
107453436
107453437
107453438
107453443
107453447
107453448
107453449
107453451
107453452
107453458
107453460
107453461
107453462
107453465
107453466
107453467
107453469
107453472
107453473
107453474
107453476
107453481
107453482
107453483
107453484
107453494
107453499
107453500
107453502
107453503
107453504
107453505
107453506
107453507
107453508
107453509
107453510
107453513
107453515
107453523
107453524
107453525
107453529
107453531
107453540
107453541
107453543
107453548
107453555
107453560
107453563
107453564
107453565
107453569
107453572
107453574
107453575
107453576
107453577
107453578
107453590
107453591
107453593
107453594
107453595
107453597
107453598
107453600
107453601
107453608
107453611
107453613
107453617
107453618
107453619
107453621
107453623
107453624
107453627
107453633
107453635
107453639
107453642
107453643
107453644
107453647
107453651
107453652
107453655
107453656
107453658
107453665
107453666
107453667
107453668
107453669
107453670
107453671
107453673
107453674
107453678
107453679
107453681
107453685
107453686
107453688
107453689
107453690
107453692
107453693
107453694
107453695
107453696
107453700
107453701
107453706
107453707
107453718
107453721
107453723
107453725
107453728
107453729
107453730
107453731
107453732
107453735
107453736
107453741
107453748
107453749
107453750
107453751
107453752
107453754
107453755
107453756
107453757
107453760
107453761
107453763
107453765
107453766
107453767
107453768
107453770
107453771
107453772
107453773
107453774
107453775
107453778
107453780
107453783
107453784
107453785
107453788
107453790
107453792
107453793
107453794
107453795
107453796
107453797
107453799
107453801
107453802
107453803
107453804
107453805
107453807
107453808
107453809
107453810
107453812
107453813
107453814
107453820
107453821
107453822
107453824
107453826
107453828
107453837
107453839
107453841
107453844
107453845
107453846
107453847
107453848
107453849
107453853
107453854
107453857
107453858
107453861
107453863
107453864
107453867
107453873
107453875
107453886
107453887
107453888
107453895
107453897
107453898
107453900
107453907
107453909
107453910
107453912
107453920
107453921
107453922
107453923
107453928
107453934
107453935
107453937
107453939
107453945
107453947
107453949
107453950
107453961
107453967
107453971
107453973
107453974
107453975
107453976
107453979
107453983
107453988
107453990
107453991
107453992
107453993
107453997
107454008
107454010
107454012
107454013
107454014
107454018
107454019
107454021
107454022
107454029
107454031
107454033
107454034
107454035
107454037
107454041
107454045
107454046
107454047
107454048
107454050
107454052
107454054
107454055
107454058
107454059
107454061
107454062
107454063
107454064
107454068
107454072
107454073
107454075
107454076
107454081
107454082
107454083
107454084
107454085
107454088
107454091
107454092
107454093
107454095
107454097
107454099
107454100
107454101
107454103
107454104
107454105
107454107
107454108
107454109
107454110
107454111
107454124
107454125
107454126
107454127
107454128
107454132
107454134
107454138
107454143
107454147
107454148
107454149
107454152
107454154
107454155
107454156
107454157
107454158
107454159
107454162
107454163
107454164
107454165
107454166
107454167
107454168
107454170
107454171
107454173
107454174
107454175
107454177
107454178
107454179
107454180
107454181
107454182
107454183
107454186
107454192
107454194
107454197
107454198
107454200
107454202
107454203
107454204
107454205
107454209
107454216
107454222
107454224
107454225
107454229
107454230
107454231
107454233
107454234
107454239
107454240
107454241
107454242
107454243
107454244
107454245
107454246
107454248
107454249
107454251
107454252
107454256
107454257
107454259
107454264
107454267
107454268
107454269
107454270
107454271
107454272
107454273
107454280
107454282
107454283
107454284
107454288
107454289
107454290
107454291
107454292
107454293
107454299
107454300
107454301
107454305
107454309
107454313
107454314
107454315
107454317
107454328
107454329
107454330
107454333
107454334
107454335
107454336
107454338
107454341
107454342
107454343
107454344
107454345
107454347
107454352
107454355
107454356
107454357
107454358
107454359
107454360
107454365
107454366
107454367
107454368
107454369
107454370
107454374
107454375
107454387
107454391
107454392
107454393
107454397
107454399
107454400
107454401
107454402
107454405
107454409
107454410
107454413
107454415
107454417
107454418
107454420
107454425
107454426
107454427
107454430
107454438
107454439
107454444
107454459
107454462
107454463
107454465
107454466
107454467
107454469
107454471
107454479
107454480
107454485
107454488
107454492
107454494
107454495
107454498
107454500
107454504
107454505
107454510
107454513
107454515
107454516
107454518
107454519
107454520
107454521
107454523
107454524
107454525
107454526
107454527
107454530
107454534
107454535
107454536
107454538
107454539
107454542
107454544
107454545
107454546
107454549
107454550
107454553
107454557
107454558
107454559
107454561
107454562
107454563
107454566
107454567
107454568
107454569
107454573
107454576
107454578
107454582
107454583
107454584
107454585
107454591
107454592
107454597
107454607
107454608
107454609
107454610
107454613
107454614
107454615
107454617
107454618
107454620
107454627
107454630
107454631
107454632
107454633
107454642
107454643
107454644
107454645
107454647
107454649
107454650
107454651
107454652
107454653
107454655
107454657
107454658
107454659
107454660
107454661
107454662
107454663
107454666
107454682
107454684
107454686
107454692
107454693
107454694
107454695
107454696
107454697
107454700
107454702
107454707
107454708
107454710
107454713
107454714
107454715
107454716
107454718
107454721
107454722
107454724
107454726
107454727
107454728
107454730
107454733
107454734
107454735
107454737
107454738
107454739
107454742
107454743
107454745
107454748
107454749
107454750
107454756
107454757
107454758
107454759
107454760
107454761
107454762
107454763
107454764
107454765
107454766
107454767
107454779
107454788
107454789
107454790
107454793
107454794
107454796
107454798
107454802
107454805
107454808
107454811
107454813
107454814
107454815
107454818
107454823
107454824
107454826
107454829
107454833
107454834
107454835
107454837
107454839
107454840
107454842
107454846
107454852
107454854
107454864
107454866
107454867
107454868
107454875
107454877
107454879
107454881
107454882
107454883
107454885
107454888
107454891
107454892
107454893
107454894
107454895
107454900
107454902
107454903
107454907
107454912
107454919
107454920
107454923
107454926
107454927
107454928
107454929
107454930
107454931
107454932
107454933
107454934
107454939
107454941
107454945
107454946
107454948
107454953
107454956
107454957
107454958
107454959
107454960
107454961
107454962
107454963
107454964
107454965
107454966
107454967
107454970
107454971
107454973
107454975
107454977
107454978
107454979
107454980
107454981
107454987
107454988
107454991
107455001
107455002
107455003
107455004
107455005
107455006
107455008
107455009
107455010
107455012
107455014
107455017
107455019
107455020
107455025
107455026
107455027
107455030
107455031
107455034
107455035
107455038
107455043
107455049
107455060
107455061
107455063
107455064
107455065
107455066
107455067
107455068
107455069
107455070
107455071
107455074
107455077
107455078
107455080
107455082
107455083
107455085
107455086
107455087
107455088
107455089
107455090
107455095
107455096
107455099
107455100
107455101
107455104
107455106
107455109
107455110
107455112
107455113
107455114
107455115
107455118
107455119
107455120
107455121
107455123
107455130
107455132
107455133
107455134
107455135
107455137
107455139
107455144
107455150
107455152
107455154
107455157
107455159
107455160
107455161
107455162
107455164
107455165
107455166
107455167
107455169
107455170
107455172
107455173
107455176
107455178
107455179
107455180
107455181
107455182
107455184
107455185
107455186
107455187
107455188
107455190
107455191
107455194
107455197
107455199
107455200
107455201
107455202
107455204
107455205
107455209
107455211
107455212
107455214
107455215
107455216
107455221
107455222
107455223
107455224
107455225
107455226
107455227
107455230
107455231
107455232
107455233
107455234
107455235
107455239
107455244
107455245
107455246
107455247
107455248
107455249
107455251
107455253
107455254
107455259
107455260
107455266
107455270
107455275
107455278
107455282
107455283
107455284
107455285
107455286
107455288
107455289
107455292
107455293
107455294
107455297
107455298
107455299
107455300
107455305
107455306
107455308
107455312
107455313
107455314
107455315
107455316
107455317
107455318
107455319
107455322
107455323
107455324
107455325
107455326
107455328
107455329
107455330
107455332
107455338
107455339
107455341
107455346
107455347
107455349
107455357
107455359
107455362
107455363
107455364
107455365
107455366
107455367
107455369
107455371
107455372
107455373
107455374
107455375
107455377
107455378
107455379
107455384
107455385
107455387
107455388
107455389
107455393
107455394
107455396
107455398
107455399
107455400
107455404
107455405
107455406
107455409
107455410
107455416
107455418
107455422
107455423
107455424
107455426
107455427
107455430
107455431
107455432
107455433
107455434
107455435
107455436
107455442
107455444
107455446
107455447
107455454
107455455
107455456
107455457
107455465
107455467
107455469
107455470
107455471
107455472
107455473
107455474
107455475
107455476
107455477
107455480
107455482
107455485
107455486
107455494
107455518
107455526
107455527
107455528
107455529
107455530
107455531
107455534
107455537
107455538
107455539
107455546
107455547
107455549
107455550
107455551
107455552
107455553
107455554
107455555
107455556
107455557
107455558
107455559
107455560
107455561
107455562
107455563
107455565
107455566
107455568
107455569
107455571
107455572
107455573
107455574
107455575
107455576
107455578
107455579
107455581
107455582
107455590
107455591
107455593
107455595
107455596
107455597
107455599
107455600
107455601
107455602
107455603
107455606
107455611
107455614
107455616
107455619
107455624
107455626
107455627
107455628
107455630
107455631
107455632
107455633
107455634
107455635
107455636
107455637
107455638
107455641
107455642
107455645
107455646
107455648
107455649
107455650
107455657
107455658
107455660
107455662
107455663
107455665
107455668
107455669
107455670
107455671
107455672
107455677
107455681
107455685
107455686
107455687
107455689
107455690
107455693
107455695
107455696
107455697
107455701
107455703
107455706
107455707
107455715
107455719
107455720
107455721
107455726
107455729
107455730
107455731
107455732
107455733
107455734
107455735
107455736
107455737
107455739
107455740
107455741
107455743
107455744
107455745
107455746
107455747
107455750
107455755
107455759
107455762
107455768
107455770
107455774
107455775
107455776
107455782
107455783
107455784
107455785
107455786
107455788
107455789
107455791
107455792
107455793
107455795
107455796
107455797
107455800
107455801
107455802
107455805
107455807
107455808
107455809
107455811
107455815
107455817
107455818
107455819
107455820
107455821
107455822
107455823
107455826
107455827
107455828
107455829
107455834
107455837
107455838
107455840
107455841
107455847
107455848
107455850
107455853
107455854
107455855
107455856
107455858
107455859
107455860
107455863
107455864
107455868
107455869
107455872
107455873
107455874
107455875
107455878
107455881
107455882
107455883
107455884
107455886
107455888
107455889
107455892
107455893
107455895
107455896
107455897
107455898
107455903
107455905
107455909
107455910
107455911
107455912
107455918
107455919
107455920
107455922
107455925
107455926
107455927
107455929
107455931
107455933
107455934
107455935
107455937
107455938
107455939
107455940
107455941
107455942
107455943
107455944
107455956
107455963
107455964
107455965
107455966
107455967
107455968
107455969
107455970
107455971
107455972
107455973
107455975
107455976
107455982
107455983
107455987
107455988
107455990
107455994
107455995
107455996
107455997
107455998
107456001
107456009
107456011
107456012
107456013
107456017
107456018
107456019
107456020
107456021
107456025
107456030
107456032
107456033
107456035
107456052
107456063
107456066
107456068
107456070
107456071
107456072
107456073
107456074
107456075
107456076
107456079
107456081
107456085
107456087
107456088
107456094
107456095
107456098
107456112
107456115
107456116
107456131
107456132
107456133
107456135
107456136
107456137
107456138
107456139
107456140
107456148
107456149
107456154
107456155
107456157
107456160
107456161
107456162
107456167
107456168
107456176
107456177
107456179
107456183
107456184
107456185
107456186
107456192
107456194
107456195
107456196
107456197
107456199
107456200
107456202
107456212
107456215
107456217
107456218
107456220
107456224
107456226
107456227
107456228
107456229
107456233
107456236
107456238
107456239
107456242
107456251
107456252
107456254
107456256
107456258
107456260
107456261
107456262
107456263
107456264
107456266
107456267
107456272
107456277
107456278
107456282
107456286
107456287
107456289
107456293
107456296
107456297
107456298
107456302
107456304
107456305
107456306
107456307
107456308
107456309
107456311
107456312
107456313
107456320
107456323
107456326
107456327
107456330
107456332
107456337
107456340
107456341
107456346
107456348
107456349
107456350
107456351
107456352
107456354
107456355
107456358
107456360
107456361
107456370
107456388
107456393
107456394
107456397
107456398
107456401
107456404
107456407
107456410
107456411
107456412
107456418
107456420
107456421
107456422
107456423
107456424
107456425
107456426
107456427
107456435
107456440
107456441
107456443
107456445
107456446
107456447
107456449
107456451
107456452
107456455
107456457
107456458
107456460
107456461
107456462
107456463
107456464
107456465
107456476
107456477
107456488
107456489
107456490
107456491
107456492
107456494
107456498
107456499
107456502
107456504
107456505
107456506
107456509
107456512
107456513
107456516
107456517
107456521
107456522
107456523
107456524
107456525
107456526
107456527
107456528
107456529
107456530
107456531
107456533
107456534
107456536
107456537
107456541
107456543
107456545
107456548
107456549
107456551
107456552
107456553
107456554
107456555
107456557
107456558
107456559
107456562
107456567
107456568
107456571
107456574
107456580
107456583
107456585
107456586
107456587
107456589
107456593
107456594
107456595
107456596
107456598
107456603
107456607
107456611
107456613
107456614
107456616
107456618
107456619
107456622
107456623
107456625
107456626
107456627
107456633
107456634
107456635
107456636
107456637
107456638
107456640
107456641
107456645
107456646
107456648
107456650
107456651
107456652
107456653
107456655
107456656
107456658
107456663
107456666
107456668
107456672
107456675
107456677
107456680
107456682
107456683
107456684
107456685
107456687
107456688
107456691
107456694
107456700
107456705
107456708
107456709
107456714
107456716
107456717
107456718
107456722
107456725
107456727
107456730
107456732
107456733
107456735
107456748
107456757
107456760
107456764
107456766
107456767
107456768
107456769
107456771
107456772
107456773
107456774
107456776
107456777
107456778
107456780
107456781
107456784
107456785
107456786
107456787
107456788
107456790
107456793
107456798
107456799
107456800
107456801
107456802
107456809
107456811
107456812
107456813
107456814
107456817
107456818
107456819
107456822
107456824
107456825
107456827
107456828
107456829
107456830
107456831
107456833
107456834
107456835
107456843
107456844
107456846
107456849
107456850
107456851
107456853
107456859
107456861
107456863
107456864
107456865
107456866
107456867
107456870
107456871
107456875
107456876
107456877
107456885
107456886
107456887
107456888
107456891
107456893
107456899
107456900
107456901
107456902
107456903
107456907
107456908
107456910
107456912
107456914
107456916
107456918
107456919
107456920
107456922
107456923
107456926
107456927
107456928
107456929
107456933
107456940
107456941
107456942
107456945
107456946
107456948
107456952
107456953
107456958
107456959
107456960
107456962
107456963
107456965
107456968
107456969
107456978
107456981
107456982
107456984
107456986
107456987
107456988
107456991
107456992
107456993
107456994
107456996
107456997
107457001
107457002
107457006
107457007
107457008
107457013
107457014
107457015
107457020
107457022
107457025
107457026
107457027
107457029
107457030
107457031
107457035
107457036
107457037
107457039
107457041
107457045
107457047
107457052
107457054
107457055
107457056
107457059
107457060
107457063
107457065
107457067
107457068
107457069
107457070
107457071
107457076
107457083
107457086
107457090
107457091
107457093
107457094
107457096
107457098
107457100
107457101
107457102
107457103
107457105
107457106
107457108
107457111
107457119
107457122
107457124
107457126
107457129
107457130
107457131
107457132
107457133
107457134
107457135
107457136
107457137
107457139
107457141
107457142
107457145
107457146
107457147
107457149
107457151
107457155
107457158
107457159
107457160
107457161
107457162
107457163
107457165
107457167
107457168
107457171
107457174
107457177
107457179
107457180
107457181
107457184
107457185
107457188
107457189
107457192
107457194
107457196
107457197
107457201
107457202
107457204
107457205
107457206
107457207
107457208
107457210
107457213
107457216
107457224
107457229
107457231
107457233
107457234
107457239
107457243
107457244
107457247
107457248
107457249
107457250
107457255
107457256
107457257
107457262
107457263
107457264
107457265
107457267
107457268
107457270
107457271
107457272
107457274
107457277
107457278
107457283
107457284
107457286
107457287
107457289
107457290
107457291
107457292
107457294
107457295
107457296
107457298
107457299
107457301
107457302
107457303
107457305
107457308
107457310
107457311
107457312
107457313
107457314
107457315
107457316
107457317
107457318
107457319
107457320
107457321
107457322
107457324
107457328
107457331
107457333
107457335
107457336
107457338
107457339
107457344
107457346
107457347
107457349
107457352
107457354
107457357
107457360
107457361
107457362
107457363
107457364
107457365
107457366
107457367
107457369
107457370
107457373
107457376
107457378
107457379
107457381
107457382
107457389
107457393
107457396
107457398
107457399
107457402
107457409
107457412
107457414
107457416
107457420
107457424
107457426
107457427
107457429
107457435
107457436
107457437
107457438
107457439
107457444
107457445
107457447
107457448
107457450
107457451
107457459
107457460
107457461
107457462
107457466
107457467
107457468
107457469
107457472
107457474
107457475
107457477
107457482
107457483
107457485
107457488
107457489
107457490
107457491
107457493
107457500
107457517
107457518
107457520
107457524
107457526
107457528
107457529
107457530
107457534
107457538
107457539
107457543
107457547
107457549
107457551
107457554
107457559
107457562
107457563
107457565
107457567
107457568
107457574
107457575
107457576
107457577
107457579
107457580
107457581
110281902
110281907
110281909
110281921
110281924
110281931
110281934
110281956
110282007
110282037
110282053
110282055
110282097
110282123
110282127
110282185
110282188
110282216
110282258
110282259
110282261
110282285
110282368
110282384
110282386
110282427
110282431
110282440
110282463
110282489
110282490
110282496
110282665
110282721
110282746
110282811
110282861
110282899
110282931
110282956
110283002
110283031
110283034
110283103
110283119
110283197
110283198
110283244
110283246
110283279
110283350
110283359
110283564
122268202
122268204
122268219
122268224
122268225
122268228
122268235
122268243
122268245
122268252
122268256
122268257
122268263
122268276
122268285
122268287
122268288
122268290
122268299
122268301
122268305
122268310
122268334
122268336
122268362
122268369
122268373
122268379
122268382
122268385
122268389
122268398
122268403
122268406
122268409
122268416
122268549
122268601
122268719
122268729
122268804
122268812
122268854
122268887
122268941
122268945
122268998
122269022
122269070
122269110
122269142
122269147
122269156
122269179
122269195
122269211
122269280
122269282
122269319
122269330
122269368
122269386
122269433
122269444
122269452
122269483
122269490
122269518
122269557
122269690
122269714
122269720
122269727
122269745
122269824
122269833
122269915
122269970
122270010
122270011
122270012
122270035
122270056
122270063
122270077
122270104
122270129
122270154
122270177
122270190
122270204
122270212
122270221
122270279
122270288
122270296
122270326
122270377
122270387
122270411
122270446
122270461
122270490
122270504
122270512
122270614
122270632
122270634
122270635
122270652
122270658
122270688
122270757
122270807
122270808
122270812
122270820
122270828
122270830
122270864
122270897
122270900
122270931
122270952
122271002
122271003
122271044
122271046
122271074
122271093
122271094
122271178
122271196
122271203
122271231
122271266
122271310
122271367
122271370
122271392
122271449
122271625
122271702
122271711
122271722
122271814
122271847
122271919
122272154
122272156
122272207
122272291
122272351
122272401
122272468
122272510
122272552
122272598
122272717
122272782
122272793
122272846
122272852
122272960
122273063
122273073
122273098
122273261
122273266
122273270
122273291
122273330
122273380
122273484
122273494
122273906
122273957
122273995
139424775
139424780
139424788
139424794
139424797
139424801
139424815
139424822
139424823
139424845
139424877
139424892
139424922
139424962
139424969
139425008
139425040
139425145
139425167
139425200
139425202
139425203
139425254
139425339
139425358
139425362
139425365
139425366
139425388
139425545
139425547
139425568
139425625
139425646
139425699
139425704
139425789
139425791
139425800
139425824
139425831
139425835
139425856
139425873
139425932
139425936
139425942
139426003
139426010
139426034
139426037
139426041
139426078
139426092
139426177
139426200
139426233
139426241
139426309
139426332
139426335
139426398
139426419
139426435
139426453
139426477
139426530
139426550
139426583
139426599
139426613
139426652
139426703
139426705
139426753
139426762
139426766
139426834
139426933
139426966
139426980
139427021
139427022
139427026
139427037
139427101
139427103
139427122
139427238
139427285
NO_HIT
