129215997
129220007
129222444
129218644
129231803
129224514
129224217
129225048
129220805
129233743
129217212
129220171
129233250
129217145
129226962
129224257
129219894
129220569
129230177
129234541
129228635
129234131
129220954
129222793
129225549
129222606
129230255
129224125
129226827
129227662
129229411
129225993
129223894
129230728
129222013
129225085
129230356
129220339
129232798
129216248
129231063
129218554
129216785
129221583
129224178
129224188
129230660
129220893
129224371
129218618
129220609
129219691
129235100
129221334
129221148
129234259
129229728
129220389
129224841
129225740
129216055
129230419
129227478
129232612
129223855
129216193
129216195
129224321
129233671
129233970
129226716
129216029
129222178
129235133
129228094
129216866
129217177
129231587
129232192
129226154
129228491
129233923
129233017
129223730
129221420
129232816
129232814
129219120
129227796
129229399
129224470
129227243
129232635
129220497
129217614
129221184
129230234
